9 0.5055 0.331 0.096 0.0725
9 0.7375 0.546 0.107 0.08
9 0.5305 0.5525 0.0995 0.0755
9 0.835 0.4595 0.1065 0.0785
9 0.4475 0.2265 0.0905 0.069
9 0.717 0.39 0.1 0.0745
9 0.465 0.444 0.0965 0.0725
9 0.355 0.302 0.093 0.07
9 0.382 0.68 0.1 0.0795
9 0.4585 0.3725 0.0955 0.0735
9 0.6065 0.3255 0.098 0.076
9 0.594 0.671 0.1055 0.082
9 0.329 0.645 0.1005 0.078
9 0.277 0.607 0.0995 0.0765
9 0.4815 0.5965 0.1 0.0785
9 0.4005 0.266 0.094 0.069
9 0.22 0.422 0.0935 0.072
9 0.6685 0.433 0.1 0.075
9 0.317 0.416 0.096 0.0715
9 0.2225 0.4945 0.096 0.076
9 0.786 0.5015 0.1075 0.0785
9 0.5375 0.6315 0.104 0.0825
9 0.4925 0.7605 0.104 0.083
9 0.379 0.601 0.0995 0.077
9 0.621 0.472 0.1 0.0775
9 0.6615 0.356 0.098 0.0745
9 0.499 0.26 0.096 0.072
9 0.4375 0.72 0.1055 0.0835
9 0.552 0.2895 0.0975 0.0715
9 0.5125 0.403 0.098 0.074
9 0.3695 0.448 0.096 0.074
9 0.308 0.3415 0.091 0.07
9 0.6435 0.626 0.1055 0.0815
9 0.6285 0.5485 0.101 0.076
9 0.4765 0.5165 0.0985 0.075
9 0.519 0.479 0.0965 0.0725
9 0.4235 0.4855 0.096 0.0745
9 0.428 0.5595 0.099 0.0765
9 0.613 0.398 0.0995 0.0755
9 0.677 0.5085 0.103 0.0785
9 0.7255 0.465 0.1045 0.0765
9 0.5825 0.5915 0.104 0.0795
9 0.36 0.376 0.0955 0.072
9 0.559 0.3655 0.0975 0.072
9 0.274 0.5315 0.1 0.076
9 0.544 0.7145 0.107 0.083
9 0.225 0.5695 0.098 0.0765
9 0.4515 0.2975 0.097 0.072
9 0.4055 0.336 0.0955 0.0735
9 0.266 0.3825 0.0935 0.0695
9 0.5655 0.438 0.099 0.074
9 0.775 0.426 0.1045 0.077
9 0.6875 0.585 0.1035 0.0775
9 0.27 0.4535 0.097 0.073
9 0.573 0.5115 0.098 0.073
9 0.3265 0.5635 0.099 0.0765
9 0.4155 0.4085 0.096 0.073
9 0.432 0.6385 0.1005 0.0795
9 0.488 0.675 0.106 0.0815
9 0.323 0.488 0.097 0.0745
9 0.123 0.499 0.093 0.073
9 0.3745 0.523 0.1 0.076
9 0.1735 0.5385 0.096 0.077
9 0.171 0.4585 0.093 0.073