9 0.15612308315848258 0.5009787535327412 0.13062250778977222 0.11229709408337339
9 0.5904071567279929 0.7277240187120421 0.13266323259844875 0.11937858783850219
9 0.760161232415996 0.43306949414286305 0.12558760081090645 0.10609335969555127
9 0.2537339552886329 0.39993120065648907 0.12961087213015027 0.11025634720580887
9 0.40048021296437203 0.6214617385360218 0.13164577910901606 0.11633784096093769
9 0.523844494055041 0.3919328575988799 0.11857596515128443 0.10380813155260046
9 0.4680015754599368 0.36265103245527297 0.12358178298109555 0.10501186594042247
9 0.6157391063909595 0.5857223172123702 0.13263414344939428 0.1143785878385022
9 0.26676852890375646 0.4804812835036087 0.12761668995996125 0.11117485345068008
9 0.40944206370685865 0.7143488338728838 0.13265159693882697 0.1173785878385022
9 0.5460493601946191 0.787431156099208 0.1497679535350462 0.13807128475709715
9 0.6855674804115363 0.6180745986418789 0.1326399612792052 0.1153785878385022
9 0.32561726532867163 0.5088853492799088 0.12259341864071746 0.10697111906285818
9 0.4927375309310227 0.23712895751681878 0.11755269383204085 0.09976738467503606
9 0.47578207338705736 0.744558501230917 0.12964577910901606 0.1162563472058091
9 0.4317510754143236 0.49020451830173634 0.12159341864071735 0.10693037218529367
9 0.5696441122903052 0.3422868405280607 0.12560505430033936 0.10909335969555127
9 0.7786841703714976 0.5158436848165868 0.1316399612792052 0.11533784096093769
9 0.6968154049059863 0.40398206741752296 0.13263414344939406 0.1143785878385022
9 0.20494015488317965 0.4484549770946152 0.1195817829810955 0.10484887843016485
9 0.21698636415792516 0.5269643130641704 0.12158760081090646 0.10593037218529366
9 0.5871757769905234 0.42352028432422 0.13062250778977227 0.11229709408337339
9 0.4607998602402324 0.6549269246286687 0.12962832561958318 0.11325634720580911
9 0.7128587052658263 0.4831543908973357 0.1346399612792052 0.115460081593631
9 0.6645416335411292 0.5356985407742441 0.12862250778977205 0.1122156003282446
9 0.41821068396938904 0.41063406201583463 0.11957596515128466 0.10384887843016485
9 0.507812829354823 0.3107605341190672 0.12057014732147354 0.10288962530772926
9 0.31107396496883166 0.4297741461164427 0.11957596515128466 0.10384887843016485
9 0.631984121970504 0.37233352037583634 0.12158178298109533 0.10493037218529366
9 0.4477740133698253 0.5728768417815492 0.12259923647052846 0.10797111906285818
9 0.3391169319649294 0.5954558055658106 0.12259341864071746 0.10697111906285818
9 0.5271049629415654 0.691136591986702 0.13967486825807077 0.12166381598145312
9 0.6772866491206737 0.32216712986623475 0.12760505430033936 0.10917485345068008
9 0.5081111141351186 0.603342027874196 0.13163414344939406 0.11433784096093769
9 0.5714307614109789 0.636929454599536 0.12963414344939406 0.1142563472058091
9 0.5388761587552592 0.4730644342011283 0.12057014732147354 0.10288962530772926
9 0.480033240160155 0.4436603684248281 0.12660505430033936 0.10913410657311579
9 0.30000448437484234 0.355305557024452 0.11957596515128455 0.10384887843016485
9 0.3718965211595975 0.4627597056478718 0.12561087213015026 0.11009335969555127
9 0.5549078234554772 0.554236757680941 0.12259923647052846 0.10797111906285818
9 0.8305012420961946 0.463442149011154 0.1426806860878819 0.12278605661414622
9 0.45196118401500235 0.28297870897546024 0.12258178298109555 0.10497111906285818
9 0.34863405209062015 0.6788632743414547 0.12962250778977227 0.11225634720580888
9 0.17316056568851163 0.5811918238901185 0.12661668995996125 0.11113410657311579
9 0.38760372084537076 0.2558505353725557 0.12057596515128455 0.10388962530772926
9 0.22998312187927752 0.6140143959112898 0.12157596515128455 0.10393037218529366
9 0.5986958060311195 0.506509246854993 0.12862250778977205 0.1122156003282446
9 0.3628590386295684 0.38287261031100983 0.12458760081090645 0.10605261281798686
9 0.10934382732755672 0.5470840237259962 0.12760505430033933 0.10917485345068008
9 0.8763212227357972 0.4102961319403347 0.13562250778977206 0.11250082847119552
9 0.40317320143936003 0.3305024854135863 0.12057596515128455 0.10388962530772926
9 0.6495274223303441 0.45156696417199566 0.12459341864071757 0.10705261281798699
9 0.28932894938928716 0.6429388351263723 0.13466905042825988 0.120460081593631
9 0.34432737392935037 0.30159841963728606 0.12960505430033936 0.109256347205809
9 0.6367271373675955 0.674598375080005 0.14069813957731458 0.1257045628590174
9 0.7318787343064226 0.5664489550098417 0.14065741476863786 0.11870456285901765
9 0.42892079257006777 0.20302115735269655 0.13365741476863785 0.1184193347160666
9 0.7411266588008723 0.35227493003035704 0.12359341864071757 0.10701186594042247
9 0.2822914668592581 0.5631332335446392 0.12661087213015026 0.11013410657311579
9 0.6129437305255694 0.2925389562633303 0.11656432949166265 0.10172663779747154
9 0.3859485482641539 0.5403505353725556 0.12862250778977227 0.1122156003282446
9 0.49756781377527853 0.5243938122209875 0.12761087213015027 0.11017485345068008
9 0.8134579417363547 0.3842290786537768 0.13262250778977228 0.1123785878385022
9 0.5550775406112214 0.2671756373645945 0.12059923647052846 0.10788962530772926