8 1 0.34698060500000005 0.392608162 0.115579529 0.062554828 0.5755020980000001 0.769445653 0.846774816 1 0.418435143 1 0.34698060500000005
10 0.945914045 0.375185871 0.42548966 0.17773633 0.16314033800000002 0.5578925060000001 0.727125912 0.7697571369999999 0.945914045 0.375185871
9 0.33675295 0.43395447000000004 0.26780746499999997 0.406426958 0.23614470199999998 0.452862056 0.305247492 0.47821523000000005 0.33675295 0.43395447000000004
9 0.300919522 0.35597629799999997 0.271103259 0.402972661 0.33681638500000005 0.430333634 0.368364131 0.38365898499999995 0.300919522 0.35597629799999997
9 0.396658948 0.338022527 0.33250919900000003 0.314310481 0.29926134000000004 0.35830581 0.36838527499999996 0.38245204 0.396658948 0.338022527
9 0.36554633000000003 0.267539153 0.33420999 0.309564102 0.403143663 0.33715308499999996 0.433054374 0.29160100499999997 0.36554633000000003 0.267539153
9 0.39711522000000005 0.219657557 0.365678724 0.267690591 0.433075518 0.29039406 0.46134919 0.245964547 0.39711522000000005 0.219657557
9 0.45990268900000003 0.244808287 0.491281044 0.199205521 0.43183132 0.176772493 0.398752259 0.21853498799999999 0.45990268900000003 0.244808287
9 0.40747163599999997 0.459392018 0.336900393 0.43300187799999995 0.30199456300000005 0.479253422 0.374307996 0.505982293 0.40747163599999997 0.459392018
9 0.40264510200000003 0.457931946 0.436015155 0.407957359 0.37000117 0.382536416 0.341664063 0.430586762 0.40264510200000003 0.457931946
9 0.467356488 0.364667021 0.401623284 0.339677709 0.36515348999999997 0.38228328800000005 0.435851031 0.408927781 0.467356488 0.364667021
9 0.399911879 0.336984334 0.467547364 0.36246077200000004 0.500477839 0.320490636 0.431459625 0.290309684 0.399911879 0.336984334
9 0.459754442 0.244673227 0.43002895799999996 0.28797388 0.49733063099999997 0.31549410499999997 0.527220196 0.27114896800000005 0.459754442 0.244673227
9 0.527220196 0.27114896800000005 0.555679342 0.225633451 0.489686296 0.19791419999999998 0.461391479 0.243550658 0.527220196 0.27114896800000005
9 0.408525532 0.583876088 0.440279405 0.533894909 0.371097355 0.504606595 0.339401595 0.559729859 0.408525532 0.583876088
9 0.471705604 0.485699007 0.402739841 0.46061570999999996 0.372670958 0.5071048610000001 0.44334735399999997 0.534956299 0.471705604 0.485699007
9 0.40747163599999997 0.459392018 0.475107408 0.48494402600000003 0.504953822 0.434280955 0.440698709 0.409180909 0.40747163599999997 0.459392018
9 0.534843387 0.389935818 0.47073737 0.365044936 0.435851031 0.408927781 0.501658603 0.43773303700000005 0.534843387 0.389935818
9 0.5317706510000001 0.389990216 0.563201638 0.340678526 0.500520128 0.318076747 0.468930092 0.367165286 0.5317706510000001 0.389990216
9 0.52724134 0.269942024 0.499058414 0.318171878 0.5647752420000001 0.34317679199999995 0.593070058 0.29754033500000004 0.52724134 0.269942024
9 0.597960026 0.295379572 0.623198425 0.249708597 0.555493868 0.22671945500000001 0.532067875 0.271402096 0.597960026 0.295379572
9 0.479201928 0.611727526 0.5124712899999999 0.559102529 0.44338964399999997 0.532542411 0.40690964 0.5837917119999999 0.479201928 0.611727526
9 0.544040183 0.511220933 0.476574427 0.48474519099999996 0.44496324800000003 0.535040675 0.512450146 0.560309472 0.544040183 0.511220933
9 0.5424665790000001 0.508722667 0.56935253 0.46085403 0.504932678 0.43548790000000004 0.47823260900000003 0.48241567700000004 0.5424665790000001 0.508722667
9 0.6007143939999999 0.415120239 0.531749494 0.391197908 0.506506282 0.43798616399999996 0.575651362 0.460925449 0.6007143939999999 0.415120239
9 0.5974826080000001 0.414951487 0.6257985690000001 0.368108084 0.564796386 0.341969847 0.5332697829999999 0.38743755199999996 0.5974826080000001 0.414951487
9 0.5930489139999999 0.298747279 0.564919021 0.344578018 0.6290515 0.367069893 0.66217285 0.322893508 0.5930489139999999 0.298747279
9 0.6622362829999999 0.319272674 0.6874217119999999 0.277238039 0.624596661 0.25207263 0.597896592 0.29900040699999997 0.6622362829999999 0.319272674
9 0.518267143 0.6898744490000001 0.548443427 0.6386641869999999 0.479201928 0.611727526 0.44595371 0.663145581 0.518267143 0.6898744490000001
9 0.5499206130000001 0.637165076 0.578507577 0.584629366 0.512450146 0.560309472 0.482433714 0.6118962790000001 0.5499206130000001 0.637165076
9 0.609911188 0.536405354 0.5425841739999999 0.511434556 0.5124712899999999 0.559102529 0.5783634409999999 0.583080005 0.609911188 0.536405354
9 0.611698261 0.536801784 0.643138262 0.486194246 0.5692300800000001 0.458174055 0.5424665790000001 0.508722667 0.611698261 0.536801784
9 0.666564256 0.441511605 0.60247974 0.416649524 0.5756725069999999 0.459718504 0.636695835 0.484649797 0.666564256 0.441511605
9 0.6934925399999999 0.39239075 0.627435606 0.36698551700000004 0.5991407900000001 0.41262197300000003 0.664948362 0.44142722900000003 0.6934925399999999 0.39239075
9 0.6605781019999999 0.32160218700000004 0.6324381029999999 0.368653164 0.69494365 0.391047369 0.724833215 0.34670223099999997 0.6605781019999999 0.32160218700000004
9 0.723366272 0.34922515800000004 0.751490995 0.302188344 0.688809484 0.27958656400000004 0.660620391 0.31918829699999995 0.723366272 0.34922515800000004
9 0.587306502 0.7188484580000001 0.615877879 0.667570103 0.5499206130000001 0.637165076 0.514993068 0.692119587 0.587306502 0.7188484580000001
9 0.6475581899999999 0.613619671 0.5831688309999999 0.5857470220000001 0.5482624309999999 0.63949459 0.615770475 0.663556442 0.6475581899999999 0.613619671
9 0.675782195 0.5615897750000001 0.6068497780000001 0.5365486140000001 0.5815529380000001 0.585662646 0.6457869070000001 0.611969636 0.675782195 0.5615897750000001
9 0.675782195 0.5615897750000001 0.705922226 0.5139194810000001 0.636695835 0.484649797 0.609995766 0.531577575 0.675782195 0.5615897750000001
9 0.72922462 0.46532033 0.666724186 0.44297127399999997 0.638332873 0.483527228 0.710646306 0.510256098 0.72922462 0.46532033
9 0.762606627 0.417757977 0.694922506 0.39225431400000005 0.666564256 0.441511605 0.730861658 0.46419776 0.762606627 0.417757977
9 0.726427964 0.34799355200000004 0.699978343 0.391520617 0.7640464429999999 0.416400542 0.790640788 0.37550748700000003 0.726427964 0.34799355200000004
9 0.789067185 0.37300922200000003 0.816016392 0.323843079 0.753128032 0.301065775 0.728065001 0.34687098400000005 0.789067185 0.37300922200000003
9 0.658067476 0.741872117 0.688224287 0.6931061110000001 0.61574933 0.6647633869999999 0.582479967 0.7173883839999999 0.658067476 0.741872117
9 0.688020474 0.693906146 0.7150137999999999 0.641317892 0.647381655 0.6132609569999999 0.618959972 0.666139082 0.688020474 0.693906146
9 0.746479735 0.5882342690000001 0.675963864 0.561915842 0.649018693 0.612138387 0.719716232 0.638782882 0.746479735 0.5882342690000001
9 0.74650088 0.587027324 0.77180399 0.539117929 0.7057563370000001 0.512416859 0.680629873 0.561842902 0.74650088 0.587027324
9 0.804790983 0.491011006 0.731032104 0.46566994899999997 0.7042038780000001 0.508711649 0.7748168409999999 0.5401839220000001 0.804790983 0.491011006
9 0.7356881919999999 0.46565783299999997 0.801762352 0.49112156700000004 0.831469908 0.44529017299999996 0.762388261 0.418730055 0.7356881919999999 0.46565783299999997
9 0.790661933 0.374300543 0.764159315 0.42146544399999997 0.829896304 0.44279190799999996 0.858148831 0.39956934 0.790661933 0.374300543
9 0.858212265 0.395948505 0.883472001 0.351541302 0.815788397 0.32487449900000004 0.790704222 0.371886653 0.858212265 0.395948505
9 0.757144411 0.718052373 0.787402523 0.664438516 0.716505592 0.6374071840000001 0.686404582 0.69382177 0.757144411 0.718052373
9 0.785744047 0.6667695109999999 0.8123295970000001 0.614625635 0.748032195 0.59193948 0.719673944 0.641196771 0.785744047 0.6667695109999999
9 0.815561383 0.614794387 0.845830032 0.56111525 0.776496168 0.536647464 0.748116773 0.5871117 0.815561383 0.614794387
9 0.842555394 0.5633618539999999 0.867430204 0.516026675 0.8015803429999999 0.48963531 0.773222093 0.538892602 0.842555394 0.5633618539999999
9 0.867644115 0.516320015 0.897383203 0.46806070499999997 0.8298751600000001 0.443998852 0.801538054 0.492049199 0.867644115 0.516320015
9 0.856575227 0.397071074 0.828446076 0.445371809 0.895788455 0.466769384 0.925699164 0.42121730300000004 0.856575227 0.397071074
9 0.859807013 0.397239826 0.9194377180000001 0.422320726 0.9491251580000001 0.37653466300000005 0.881638258 0.35126586600000004 0.859807013 0.397239826
9 0.234465375 0.456398516 0.199746463 0.505620807 0.270362238 0.530755852 0.303568167 0.481751689 0.234465375 0.456398516
9 0.37278148 0.508612072 0.305184059 0.481836064 0.268746344 0.530671477 0.334617351 0.555855897 0.37278148 0.508612072
9 0.161664981 0.555610604 0.228992266 0.584165916 0.268767489 0.529464531 0.19481701799999998 0.5038582309999999 0.161664981 0.555610604
9 0.30455862899999997 0.609856592 0.336358474 0.556270873 0.268746344 0.530671477 0.23222405299999999 0.5843346669999999 0.30455862899999997 0.609856592
9 0.376893207 0.635378517 0.411873731 0.5855987380000001 0.341059778 0.557400346 0.301305699 0.6108947849999999 0.376893207 0.635378517
9 0.44591142100000003 0.6655594690000001 0.48094550199999997 0.613381351 0.411715029 0.586458729 0.376808629 0.6402062959999999 0.44591142100000003 0.6655594690000001
9 0.725427508 0.774382582 0.75248989 0.7182201690000001 0.68799933 0.6951130910000001 0.654751112 0.7465311440000001 0.725427508 0.774382582