9 0.8398976784581201 0.5312020881433341 0.12156053848498936 0.09076975574431118
9 0.5595823000045212 0.6855686395120004 0.10750234442851228 0.08844390212733333
9 0.3635853060959541 0.5780765146493781 0.10329866523084275 0.08135080109391128
9 0.454733135665659 0.6711363750138448 0.1054150533437969 0.08539735161062231
9 0.691231452900067 0.40182717568177834 0.10015318008965005 0.07628097531884452
9 0.49869315787765456 0.37885832607751146 0.09812408306141174 0.0752344248021334
9 0.5663127318019169 0.6077781168372005 0.10332776225908129 0.08235080109391128
9 0.5998891421268665 0.3192556776881338 0.09709498603317297 0.07421114954377776
9 0.4451918345518136 0.7553570719135781 0.11285150876737453 0.10056027841911122
9 0.6691909931690178 0.623163830818645 0.10638595631555836 0.08442062686897793
9 0.3524130683550354 0.6577622986615781 0.10444415037203532 0.08637407635226692
9 0.5840063716226166 0.46029017252102267 0.09915318008965004 0.07625770006048901
9 0.7449971736284426 0.44654912674544506 0.11029866523084274 0.0815137279024001
9 0.7850592151591483 0.4839568618213118 0.1022695682026042 0.08032752583555566
9 0.3789757715486617 0.5059838316706003 0.10121137414612724 0.07830425057720004
9 0.48571540134023145 0.44800919720217813 0.09915318008965028 0.07625770006048901
9 0.5613416491102801 0.28238285549980047 0.10415318008965005 0.07637407635226669
9 0.43354466664502916 0.47527560850933365 0.10421137414612724 0.07837407635226669
9 0.684311890419121 0.47311769835657835 0.10218227711788859 0.07732752583555566
9 0.31310370208430216 0.6118778388440669 0.11247324740027387 0.08756027841911122
9 0.2921189122613419 0.42301707233955577 0.10115318008965016 0.07630425057720004
9 0.335753696362644 0.46300627081966694 0.1042695682026042 0.08037407635226669
9 0.46594901894893553 0.5929505910016448 0.10329866523084275 0.08135080109391128
9 0.576057712113432 0.5305574199374671 0.10121137414612713 0.07830425057720004
9 0.6455239262281688 0.3592914266849561 0.1042695682026042 0.0803740763522668
9 0.6228234328418074 0.575116444192645 0.10738595631555836 0.08444390212733333
9 0.6150784525302925 0.6523836916090894 0.1125896355132279 0.09156027841911123
9 0.34623145290006707 0.39379721154911135 0.10424047117436566 0.07937407635226669
9 0.4019021875952694 0.3666122636462003 0.09812408306141174 0.0752344248021334
9 0.32143597348053266 0.5376222290568002 0.10935685928731982 0.08349045264404457
9 0.5403133934648374 0.41830097404091154 0.1022695682026042 0.08032752583555566
9 0.7282453397512658 0.5920603463199784 0.11561873254146644 0.09263010419417787
9 0.2212177457687438 0.5277947032212447 0.11235685928731977 0.08356027841911123
9 0.17889383098389136 0.48134041762866686 0.10221137414612724 0.07832752583555566
9 0.27967025275215723 0.4931795810934002 0.10429866523084275 0.08137407635226668
9 0.5914841281600397 0.39101128747540054 0.10115318008965005 0.07630425057720004
9 0.5294520250403685 0.49149839568228937 0.1042695682026042 0.08037407635226669
9 0.5156050254101431 0.2388471065029782 0.09818227711788859 0.07723442480213338
9 0.4550438252622332 0.3383691275974004 0.10115318008965016 0.07630425057720004
9 0.676892327938175 0.5443965834022005 0.10424047117436566 0.07937407635226669
9 0.5517766014881413 0.3486151900287116 0.10121137414612713 0.07830425057720004
9 0.1267008528261122 0.43915337945253347 0.12535685928731982 0.08386285677773345
9 0.5070981718444815 0.3071027162902449 0.09712408306141163 0.07521114954377787
9 0.39369333759753006 0.7026933089958003 0.11561873254146644 0.09263010419417787
9 0.7808142348476335 0.5613055726420006 0.10832776225908128 0.08246717738568896
9 0.4125256089937606 0.6286820894212669 0.11141505334379678 0.08553700316075583
9 0.5142001911631917 0.6370445281443561 0.11044415037203544 0.08651372790240021
9 0.35619466092337104 0.32407651464937803 0.10421137414612724 0.07837407635226669
9 0.6287284468086343 0.5033026462594894 0.10729866523084275 0.08144390212733334
9 0.38993897957196555 0.4362864100292226 0.10015318008965016 0.07628097531884452
9 0.7330194170910195 0.5157232731284672 0.11235685928731982 0.08356027841911123
9 0.444507874668333 0.40557818686795594 0.1052695682026042 0.08039735161062231
9 0.47426674183104683 0.5181949812143782 0.10115318008965028 0.07630425057720004
9 0.24883864301884717 0.37803951148862247 0.10229866523084274 0.08132752583555566
9 0.2658379813559267 0.5673071769597113 0.10529866523084275 0.08139735161062231
9 0.5061006959928693 0.7193001379316226 0.12061873254146645 0.09274648048595555
9 0.523517914045303 0.5623121936154449 0.10535685928731982 0.08339735161062231
9 0.6386771063178189 0.4330819493597561 0.1042695682026042 0.08037407635226669
9 0.23999182310849737 0.45178348364671134 0.10524047117436572 0.07939735161062231
9 0.42125604079115636 0.5509381172631781 0.10735685928731982 0.08344390212733332
9 0.1927988449507182 0.4097128217623557 0.10121137414612719 0.07830425057720004
9 0.30955302325640727 0.3524709398774892 0.09712408306141163 0.07521114954377776
9 0.41032175007621563 0.29535665385893367 0.0990949860331732 0.07425770006048901
9 0.46496338774317936 0.2671484306976671 0.1011822771178887 0.07730425057720004