9 0.4722996238914751 0.6920810143509498 0.10553604571368305 0.09163176002714181
9 0.7627759719436286 0.6722429582730485 0.11055350077861135 0.09280636387460049
9 0.5427298036317623 0.6905429286001181 0.11165823116818069 0.0988412846440924
9 0.37997050830738477 0.641385763942455 0.10350113558382668 0.0895619184881582
9 0.526165044671141 0.629001656672996 0.10248368051889838 0.08852699771866651
9 0.5931503797376508 0.40148103130691004 0.10037895012932904 0.08245715617968301
9 0.609110408308703 0.4570048428492863 0.1044313153241137 0.08559683925765
9 0.3624406594766199 0.5818095712458411 0.10750113558382668 0.0897016015661252
9 0.6683857636322895 0.61797786632557 0.1064662254539703 0.0876666807966335
9 0.7727038805162622 0.49669692827644113 0.10343131532411372 0.0855619184881583
9 0.6489955553209504 0.5663318320899727 0.1084662254539703 0.08773652233561688
9 0.6269569789577215 0.5060984959306459 0.10039640519425756 0.0834571561796829
9 0.49221880493164466 0.51638419204926 0.09837895012932915 0.08238731464069951
9 0.4517872301256385 0.6334000593458607 0.10355350077861135 0.0925619184881582
9 0.4583772955817177 0.4097667274255241 0.09836149506440096 0.08138731464069951
9 0.593499221554323 0.6218588086136889 0.10953604571368306 0.0917714431051088
9 0.7507700345426026 0.44246359211711445 0.10546622545397032 0.0876317600271418
9 0.6416118033744219 0.34370960939675155 0.10037895012932904 0.08245715617968301
9 0.33605551246437243 0.4729540123932932 0.10444877038904202 0.08659683925765001
9 0.47281986908784146 0.46423815781366273 0.10344877038904213 0.0865619184881582
9 0.6659758290883687 0.3940302474798076 0.106448770389042 0.0866666807966335
9 0.6988173384382956 0.5006127913340519 0.11046622545397031 0.08780636387460049
9 0.8121413927232946 0.6090064571323817 0.10448368051889838 0.08859683925765012
9 0.3061276038917387 0.6478016270000655 0.10857095584353954 0.09373652233561688
9 0.34950681350296026 0.5278905220119401 0.10041386025918564 0.08445715617968312
9 0.30874018571183776 0.3680635327712537 0.09939640519425734 0.08342223541019121
9 0.4034071444124826 0.4668111643339862 0.09836149506440096 0.08138731464069951
9 0.6829445851918848 0.45008897979167556 0.10539640519425734 0.0836317600271418
9 0.5097137436325532 0.5739603847458739 0.10750113558382668 0.0897016015661252
9 0.32170021428288975 0.42348258200515465 0.09734403999947279 0.08035239387120782
9 0.38856930129592815 0.41832227356110174 0.10241386025918564 0.08452699771866651
9 0.7158297322041324 0.5591715236459197 0.10744877038904224 0.08670160156612519
9 0.8411712415540592 0.6689842386781506 0.12971059636296514 0.10246985849494376
9 0.743263578177792 0.6135969240374511 0.11357095584353966 0.09391112618307579
9 0.6904330675279825 0.6787112024848967 0.1156407761032524 0.09798096772205918
9 0.43829229142473003 0.5759635497272139 0.10446622545397032 0.08759683925765012
9 0.443521997400235 0.3602778366526396 0.10139640519425734 0.08349207694917482
9 0.4234108106458551 0.5249746589543295 0.1064662254539703 0.0876666807966335
9 0.5601228020745395 0.513258804374699 0.10341386025918564 0.0845619184881582
9 0.5073736293483452 0.3540127659001115 0.09732658493454449 0.07935239387120782
9 0.6135639805149442 0.6835223032340322 0.10957095584353965 0.0937714431051088
9 0.3216050875277189 0.704307978157696 0.10455350077861135 0.09259683925765012
9 0.529737655062292 0.40426356244418404 0.10137895012932926 0.08249207694917482
9 0.37266163791966084 0.36579846201872557 0.0963265849345446 0.07931747310171602
9 0.79165518155485 0.5518255021272925 0.11151859064875498 0.09084128464409241
9 0.2950453898661892 0.5854524193051481 0.10043131532411383 0.0854571561796829
9 0.544206411165808 0.4602349928323226 0.09736149506440096 0.08135239387120782
9 0.7338798262312636 0.3909048598052465 0.09936149506440096 0.08142223541019132
9 0.5767950815561683 0.35193975937978794 0.10139640519425756 0.08349207694917482
9 0.2169721628549962 0.32088574274750464 0.11546622545397031 0.08798096772205918
9 0.28067263661977837 0.5349809889170094 0.10850113558382668 0.08973652233561688
9 0.7139634353225321 0.33774136518490333 0.10139640519425756 0.08349207694917482
9 0.261264973243511 0.4823349546814122 0.09941386025918564 0.08442223541019132
9 0.2482700345426026 0.4249159054475112 0.09843131532411382 0.08538731464069951
9 0.5755741031131274 0.5682651555323293 0.10343131532411372 0.0855619184881582
9 0.35821033688107295 0.31082703163058695 0.09843131532411394 0.08538731464069951
9 0.2354496464909764 0.37749685621361023 0.0883091298696163 0.07803810694578203
9 0.49297469350454204 0.3020413355119729 0.10143131532411383 0.08549207694917482
9 0.29084124986803456 0.315969879689894 0.09834403999947267 0.08038731464069951
9 0.4251666992187524 0.31066672318653404 0.09434403999947279 0.08024763156273253
9 0.5588525080500444 0.2973461062984283 0.10039640519425756 0.08345715617968301
9 0.6960295893488725 0.28364771210354356 0.10041386025918564 0.08445715617968301
9 0.4009305368784367 0.6970841793322898 0.10858841090846784 0.09473652233561711
9 0.6306779574007624 0.2898604017018341 0.09839640519425757 0.08338731464069951