9 0.2815 0.668 0.0715 0.0595
9 0.372 0.382 0.0725 0.056
9 0.7595 0.6965 0.088 0.069
9 0.763 0.304 0.0845 0.0645
9 0.8505 0.6305 0.095 0.069
9 0.7615 0.3695 0.0865 0.064
9 0.8505 0.498 0.092 0.066
9 0.351 0.672 0.076 0.062
9 0.8505 0.563 0.093 0.066
9 0.5085 0.6175 0.0775 0.0635
9 0.3005 0.328 0.068 0.055
9 0.584 0.683 0.0785 0.0665
9 0.761 0.433 0.086 0.0635
9 0.598 0.3115 0.0775 0.062
9 0.429 0.675 0.077 0.0625
9 0.674 0.373 0.0835 0.0625
9 0.356 0.6115 0.0745 0.0605
9 0.8525 0.365 0.094 0.0645
9 0.6695 0.623 0.086 0.067
9 0.8505 0.432 0.0905 0.065
9 0.445 0.322 0.073 0.057
9 0.7595 0.497 0.087 0.064
9 0.76 0.5615 0.087 0.064
9 0.518 0.3155 0.0765 0.059
9 0.5155 0.378 0.0745 0.059
9 0.3025 0.273 0.069 0.0545
9 0.6765 0.3085 0.0845 0.0635
9 0.505 0.679 0.0805 0.0645
9 0.668 0.688 0.0855 0.0675
9 0.593 0.436 0.0765 0.0615
9 0.288 0.5515 0.07 0.0555
9 0.849 0.7015 0.0925 0.072
9 0.2855 0.6105 0.071 0.0595
9 0.51 0.5555 0.076 0.0595
9 0.599 0.2565 0.0765 0.059
9 0.436 0.5535 0.0745 0.058
9 0.5945 0.375 0.0785 0.06
9 0.672 0.435 0.0845 0.0615
9 0.5205 0.261 0.0755 0.057
9 0.443 0.38 0.074 0.0575
9 0.852 0.301 0.0925 0.066
9 0.759 0.6265 0.09 0.0675
9 0.512 0.4955 0.076 0.058
9 0.671 0.4965 0.0845 0.0615
9 0.585 0.619 0.0765 0.066
9 0.448 0.266 0.0735 0.0565
9 0.3765 0.269 0.0725 0.055
9 0.433 0.6135 0.077 0.062
9 0.6765 0.247 0.0835 0.0615
9 0.2915 0.496 0.07 0.054
9 0.8515 0.2385 0.0915 0.063
9 0.359 0.553 0.072 0.056
9 0.59 0.5575 0.0745 0.0605
9 0.513 0.436 0.076 0.0585
9 0.7635 0.245 0.086 0.062
9 0.374 0.325 0.073 0.057
9 0.3685 0.4395 0.072 0.0565
9 0.4395 0.4375 0.075 0.056
9 0.67 0.5595 0.087 0.063
9 0.587 0.4945 0.075 0.061
9 0.438 0.4935 0.0735 0.0585
9 0.3625 0.493 0.0715 0.057
9 0.295 0.44 0.0695 0.056
9 0.2975 0.3835 0.071 0.0545