9 0.7554891935796796 0.31525758775405627 0.0764219389244829 0.05804056708157156
9 0.5931180402950383 0.5252570101120229 0.07765481766722178 0.06312219636645773
9 0.68215496588715 0.367920598762957 0.07746851467303077 0.05912219636645773
9 0.6719289801132942 0.4716450380362486 0.07860824191867391 0.062203825651343775
9 0.6170234360942022 0.3165224290683384 0.07542193892448312 0.05795893779668541
9 0.552648072918267 0.2705834447312768 0.07337536317593527 0.05679567922691331
9 0.5183071004767826 0.5785424650482528 0.07970139341576941 0.06428545493622982
9 0.7477864956800978 0.41927795381513255 0.0775150904215784 0.06012219636645773
9 0.6042741624460726 0.41995094155384527 0.07756166617012628 0.06112219636645773
9 0.6880905425294706 0.2690634912716529 0.0754219389244829 0.05795893779668552
9 0.5410960569045771 0.36738951328945446 0.0764219389244829 0.05804056708157156
9 0.32138378295852305 0.5208377316737136 0.07860824191867391 0.062203825651343775
9 0.5976495256220078 0.47168560511782015 0.08074796916431705 0.06536708422111599
9 0.5866797064651647 0.5809916736759978 0.08407399940415143 0.07261197207577424
9 0.6844426178311319 0.32005326698096953 0.07970139341576941 0.06428545493622982
9 0.36876328191578805 0.6329093017084974 0.08593427215850806 0.06977523064554657
9 0.4097782241174382 0.3173788763973186 0.07346851467303066 0.058795679226913304
9 0.4701686777149518 0.4178484510861399 0.0755150904215784 0.0599589377966854
9 0.5344714200805122 0.4191241768534294 0.07865481766722178 0.06320382565134378
9 0.38370981319835734 0.5227767160107754 0.07974796916431717 0.06528545493623006
9 0.3919276015195176 0.4729196085194712 0.0745150904215784 0.05987730851179936
9 0.327171434902505 0.47268469739462476 0.07960824191867391 0.06228545493622983
9 0.240119418888815 0.5756537769617032 0.07665481766722167 0.06304056708157169
9 0.44313588790417 0.6348687346269257 0.07884112066141268 0.06720382565134378
9 0.3958892232236653 0.4178890181677115 0.07756166617012628 0.06112219636645773
9 0.44905093385977 0.5786748857053937 0.08093427215850818 0.06936708422111587
9 0.7514111325041626 0.367788178105816 0.07870139341576941 0.06420382565134378
9 0.342850844927813 0.36751129705445973 0.07956166617012615 0.06128545493622994
9 0.45598926768964376 0.522899407498976 0.07965481766722167 0.06328545493623006
9 0.34904534537469944 0.31731744813292784 0.0733287874273874 0.05579567922691331
9 0.4628002075078996 0.47516474393500097 0.07870139341576941 0.06420382565134378
9 0.6113755113958634 0.36767546334742723 0.07960824191867391 0.06228545493622983
9 0.47953439073445076 0.31720564109773447 0.0743287874273874 0.05587730851179935
9 0.5848112362581124 0.6378590054579851 0.07979454491286515 0.06628545493623006
9 0.5512905573514635 0.31686914722837817 0.0755150904215784 0.05995893779668552
9 0.5293002075078996 0.4697363964900751 0.07656166617012627 0.06104056708157168
9 0.42022889118133727 0.2723585103362423 0.07337536317593515 0.05679567922691331
9 0.6760769048116329 0.42061444768448886 0.07870139341576941 0.06420382565134378
9 0.3122125703859105 0.5717764684499038 0.08279454491286492 0.06653034279088843
9 0.5213385858037519 0.5250935039813792 0.07779454491286492 0.06612219636645773
9 0.260612525919932 0.46607223019710764 0.07446851467303066 0.058877308511799356
9 0.23013450931039342 0.6306741430227795 0.08188769640996042 0.06844871350600215
9 0.6546372664979467 0.6391857701584011 0.0850274236556038 0.07169360136066052
9 0.47304948115602924 0.3719403046617094 0.07556166617012616 0.0609589377966854
9 0.40327002666474276 0.37161353996129354 0.0754219389244829 0.05795893779668552
9 0.37703860062574474 0.5735113795747502 0.07870139341576941 0.06420382565134378
9 0.6637386154477376 0.5867470333822109 0.07884112066141279 0.06720382565134378
9 0.2775713904365265 0.36681720057205636 0.0753287874273874 0.055958937796685516
9 0.2664234657381878 0.4184191959180188 0.07560824191867391 0.061958937796685404
9 0.7404413133473194 0.4770942466639935 0.07874796916431706 0.06520382565134378
9 0.5109619181440043 0.6363587578971137 0.07988769640996042 0.06828545493623005
9 0.48296176992407597 0.27225668003086095 0.0745150904215784 0.05987730851179936
9 0.7397701007747068 0.5273391345186519 0.07660824191867391 0.06204056708157168
9 0.3504727245643246 0.27253174563582644 0.0734219389244829 0.05779567922691331
9 0.7350564482348764 0.6416554273675129 0.08188769640996042 0.06844871350600215
9 0.2978673880531322 0.6301641662929676 0.07870139341576941 0.06420382565134378
9 0.3316330566066527 0.4176132924004221 0.07646851467303066 0.059040567081571564
9 0.7572768455236617 0.2674310706145119 0.07865481766722178 0.06320382565134378
9 0.6213110880381841 0.2684918387165787 0.08065481766722178 0.0633670842211161
9 0.7369016305676547 0.5842880955855254 0.07898084790705594 0.07020382565134378
9 0.2838124666319607 0.3176233516505245 0.07646851467303066 0.059040567081571564
9 0.24867419209005817 0.522255854827956 0.07565481766722167 0.0629589377966854
9 0.6584673584091465 0.5274511065944262 0.08188769640996042 0.06844871350600215
9 0.288030254953121 0.2680927612987648 0.07137536317593515 0.056632420657141094