9 0.6821691322120409 0.5801373463433015 0.12381532675253447 0.11110569083133805
9 0.6245582049395534 0.6184572182890905 0.11569314129803707 0.10363974389157807
9 0.6886440851984753 0.4953461295059516 0.11867568623310899 0.10281447399398803
9 0.7955655374062984 0.4936140891866634 0.1237978716876064 0.11010569083133805
9 0.7369371550688826 0.5329922044999224 0.11669314129803707 0.1036979872590482
9 0.5796474919499556 0.24395675171379472 0.10244877038904224 0.08888258011446834
9 0.5682639994853195 0.6671897251836747 0.12285023688239108 0.11304744746386813
9 0.3777738626016103 0.5918724517379115 0.11260586597339602 0.0984650137891681
9 0.6161750696130669 0.3547143820662003 0.11053604571368306 0.09434852705422828
9 0.6319284275364184 0.5396077580842707 0.11058841090846772 0.09734852705422826
9 0.5772651350691462 0.5807528999276497 0.11667568623310899 0.1026979872590482
9 0.3675554148081152 0.4046587371987562 0.10344877038904202 0.08894082348193831
9 0.5570815974055076 0.3921216190631943 0.10448368051889861 0.09099906684940834
9 0.44876374000342706 0.47385365938248264 0.10550113558382668 0.09205731021687825
9 0.7442899226008194 0.4551427442951025 0.11358841090846772 0.09752325715663812
9 0.5284580168852909 0.2863980417710289 0.10853604571368305 0.09423204031928821
9 0.4733470896128033 0.32457230529814296 0.10443131532411394 0.08799906684940834
9 0.43546333766627493 0.5490525797921224 0.10651859064875498 0.09311555358434816
9 0.70097067013302 0.4187054524637817 0.11562332103832432 0.09963974389157806
9 0.5035832519531189 0.7099173007017535 0.11471059636296536 0.10458150052410815
9 0.31436593974345056 0.4472165139909304 0.10751859064875498 0.09317379695181831
9 0.46386000234242464 0.6677761570842878 0.11571059636296536 0.10463974389157807
9 0.3980480823413702 0.5177658277559817 0.11153604571368317 0.09440677042169818
9 0.5024357600031635 0.4322667609065735 0.10855350077861135 0.09523204031928821
9 0.4763000451990026 0.5846354800421182 0.11360586597339602 0.09852325715663801
9 0.33842842753641844 0.5567021864367108 0.10751859064875498 0.09317379695181831
9 0.25976374000342706 0.48486165583430946 0.10446622545397032 0.08999906684940834
9 0.570820907015411 0.3203935769698196 0.10548368051889838 0.09105731021687825
9 0.42216634208060283 0.3665135953553771 0.10750113558382668 0.09217379695181831
9 0.28573895247175385 0.5992308415451499 0.1136233210383242 0.09952325715663823
9 0.403161799745296 0.7112707591324869 0.1096233210383242 0.09929028368675813
9 0.4094183049382352 0.43868339408128193 0.11253604571368306 0.09446501378916809
9 0.4640205046782587 0.40103825223790285 0.10346622545397031 0.08994082348193831
9 0.5865917200036908 0.5042869529878898 0.11360586597339602 0.09852325715663823
9 0.7117361623403157 0.3456521404728169 0.11558841090846772 0.09763974389157806
9 0.8527986501332836 0.4483233389246093 0.1196582311681807 0.10187271736145806
9 0.3663338197450323 0.6749548854126113 0.10765823116818068 0.10117379695181808
9 0.5974706701330199 0.424733640996925 0.11155350077861136 0.09540677042169818
9 0.3010393548089061 0.5239154344005701 0.11057095584353954 0.09634852705422826
9 0.6260103820800756 0.27771931344270545 0.11255350077861136 0.0954650137891682
9 0.5172012522104592 0.3589804754457287 0.10853604571368305 0.09423204031928821
9 0.32515420779665855 0.6304011068463505 0.10351859064875497 0.09294082348193843
9 0.7560990524704357 0.37953118893666765 0.10951859064875498 0.09329028368675825
9 0.4895829924712266 0.5104365596324782 0.10857095584353965 0.09623204031928821
9 0.2203310296135942 0.4546913905331088 0.10655350077861135 0.09511555358434828
9 0.5240494774070893 0.6248106767198239 0.11258841090846772 0.0974650137891681
9 0.42403202234216103 0.6316350134668223 0.11058841090846784 0.09734852705422826
9 0.32670125221045926 0.3700758369487605 0.10855350077861135 0.09523204031928821
9 0.645755012470963 0.4628797159908959 0.11057095584353965 0.09634852705422826
9 0.4507628639014928 0.7599459558101928 0.12300733246674508 0.12204744746386814
9 0.27608159740550753 0.4084880053222597 0.10448368051889849 0.09099906684940834
9 0.3547811950683553 0.478328535924661 0.10648368051889849 0.09111555358434828
9 0.5472113748086425 0.47111668768668924 0.10648368051889838 0.09111555358434817
9 0.532972065198739 0.542873851463799 0.11055350077861135 0.09534852705422828
9 0.38228599688555454 0.3333724517379114 0.10146622545397031 0.08982433674699837
9 0.43241437922297044 0.29448940504814725 0.10958841090846773 0.09729028368675824
9 0.6683819997426597 0.3112148486414962 0.10848368051889838 0.09123204031928822
9 0.6555990524704357 0.38538464736740097 0.11151859064875498 0.09340677042169819
9 0.20659172000369075 0.5264194326264836 0.10250113558382667 0.09188258011446829
9 0.8014357600031635 0.4148519940330484 0.1156407761032524 0.10063974389157807
9 0.4920165789629939 0.2565530463674182 0.10346622545397031 0.08994082348193831
9 0.23787606234163383 0.565555644867444 0.10648368051889849 0.09111555358434817
9 0.5378020568847637 0.208932094831269 0.1166407761032524 0.10069798725904809
9 0.16519391974371422 0.4943656540602229 0.11151859064875493 0.09340677042169819