9 0.24626151381439576 0.6223682395051828 0.07894950089198051 0.07328545493623005
9 0.37424864806586833 0.33807272531885046 0.07983311277902658 0.06936708422111598
9 0.7164773970976722 0.6622984023964993 0.09726956820260421 0.08575478206417983
9 0.7723252381106933 0.2686658992190678 0.09312408306141151 0.08042826492463541
9 0.8156068306790292 0.5983395471201043 0.10429866523084275 0.0873261870583824
9 0.7619339312751899 0.33435974814059966 0.09512408306141173 0.08059152349440751
9 0.8334476384065133 0.4651967371316989 0.10018227711788859 0.08299966991883798
9 0.31492689798965284 0.6282358188480416 0.08403679197669613 0.07669360136066053
9 0.8245563315710096 0.5307681421259016 0.10118227711788859 0.08308129920372426
9 0.4780325850627164 0.5770118746964932 0.08606588900493466 0.07785685993043262
9 0.3105381153025371 0.28191944347889025 0.07480401575078804 0.06795893779668541
9 0.5443939534871856 0.6449202686817951 0.08715318008965005 0.08093848921531867
9 0.7531008184961634 0.3979311531348023 0.09409498603317297 0.07950989420952147
9 0.6076016598789594 0.27263473122527465 0.08603679197669613 0.07685685993043262
9 0.3916068306790291 0.6329503639118118 0.08503679197669613 0.07677523064554634
9 0.6750939649305018 0.3359614959256905 0.09206588900493466 0.07834663563974925
9 0.3276581711698445 0.5678378967142946 0.08197859792021904 0.0745303427908882
9 0.8527884461339973 0.3319314832159643 0.10215318008965005 0.0821629284886103
9 0.6368779019273497 0.5864920037571597 0.09521137414612713 0.08359152349440752
9 0.841853493756136 0.3991661467799393 0.09915318008965004 0.08191804063395193
9 0.4547762420483905 0.2791240118128484 0.08086220980726512 0.07044871350600215
9 0.7432531572030178 0.4620841874138912 0.09512408306141151 0.08059152349440751
9 0.7348763988816334 0.5271147777656509 0.09512408306141151 0.08059152349440751
9 0.5277325965060327 0.2746650740161629 0.0839495008919805 0.07369360136066042
9 0.5169285807552446 0.3373997375801378 0.08192040386374219 0.0725303427908882
9 0.32012390334153623 0.2267664091998014 0.0757749187225495 0.06704056708157156
9 0.6859561747377668 0.27122683236171563 0.0930949860331732 0.07942826492463541
9 0.4667576663401669 0.6387873529029111 0.08912408306141174 0.080101747785091
9 0.6270011436059656 0.6516450380362486 0.09421137414612712 0.08350989420952146
9 0.586022725405622 0.39710405835322454 0.08500769494845759 0.07577523064554657
9 0.2686076720618251 0.5058172830923469 0.07683311277902646 0.06912219636645772
9 0.8045554901882137 0.6695742106840792 0.10235685928731982 0.08916292848861031
9 0.2579054959098719 0.5650519466563217 0.07894950089198062 0.07328545493622983
9 0.4878220522993852 0.5148588404174043 0.0839495008919805 0.07369360136066053
9 0.6162019964320777 0.217063326231072 0.0839495008919805 0.07369360136066042
9 0.41509847406765105 0.5113177782140897 0.08189130683550354 0.0715303427908882
9 0.5957830956140522 0.33595102407413574 0.08597859792021927 0.07485685993043262
9 0.664804497693833 0.3981553448472224 0.09203679197669612 0.07734663563974925
9 0.5378038360309125 0.21997122509463102 0.08289130683550365 0.0716119720757743
9 0.4451031629246758 0.3372770460919372 0.08189130683550343 0.0715303427908882
9 0.8611361074271431 0.2679008928642046 0.10118227711788859 0.08308129920372426
9 0.7254996405602492 0.5922269974022966 0.09924047117436567 0.08491804063395193
9 0.4980387769654576 0.4551649914958724 0.08392040386374197 0.07269360136066041
9 0.6555295789712835 0.45976756448386824 0.09203679197669612 0.07734663563974914
9 0.5537561632944505 0.5803080490451493 0.08515318008965028 0.08077523064554634
9 0.4648765786015088 0.2234301628913165 0.08086220980726501 0.07044871350600215
9 0.3940075152285822 0.22472584211822982 0.07980401575078803 0.06836708422111598
9 0.40386720088745937 0.5715932564205077 0.08503679197669613 0.07677523064554634
9 0.6942310934603163 0.20969624200995596 0.09103679197669612 0.07726500635486315
9 0.27920800861494344 0.4500826195283719 0.0767749187225495 0.06712219636645773
9 0.8689546716920504 0.20491111715488802 0.10009498603317298 0.0799996699188381
9 0.3383457988076784 0.5091032331503197 0.07883311277902658 0.06928545493622994
9 0.5670165335028807 0.5188693122689592 0.08197859792021904 0.0745303427908882
9 0.5067700501456492 0.3950935865016697 0.08392040386374197 0.07269360136066041
9 0.7805274142626466 0.20963530886730808 0.09406588900493466 0.07850989420952147
9 0.3838926301613445 0.28091969103976167 0.08086220980726501 0.07044871350600215
9 0.3631046659703922 0.39534820352526845 0.07986220980726501 0.07036708422111611
9 0.4339446323150804 0.3950525242983552 0.08186220980726512 0.0705303427908882
9 0.6462110147063763 0.522879784120514 0.0950949860331732 0.07959152349440751
9 0.5723496462819072 0.45558360977185774 0.08300769494845758 0.07561197207577436
9 0.4248297472478428 0.45116474393500094 0.08092040386374197 0.07244871350600215
9 0.35007707198787014 0.44878694030145866 0.07886220980726501 0.07028545493622983
9 0.2903083451680618 0.394307141321954 0.07683311277902657 0.06912219636645772
9 0.30043777874941874 0.3376132924004221 0.07780401575078803 0.06820382565134378