9 0.4860127835261801 0.2960715574342166 0.10109676269489523 0.082852827570464
9 0.7170985533091293 0.4858240859737458 0.11342273771541045 0.09169194931378616
9 0.5100280970232276 0.5142639726400807 0.10521900332758832 0.08613253481823813
9 0.815245398851144 0.389716002245084 0.11234124396028164 0.08962202250184259
9 0.4286893384765322 0.19787205636874244 0.09593377518463762 0.07850319351074643
9 0.697414319331613 0.33264218308427707 0.10617825645002403 0.08520246163018158
9 0.4448472660450551 0.41312388607015466 0.10209676269489523 0.08292275438240745
9 0.33549070858772595 0.2826654694436584 0.09797452206220192 0.07964304713463355
9 0.3606291357459432 0.6568334335599462 0.10638199083784605 0.09020246163018146
9 0.4387606677909105 0.3422532273776463 0.10113750957245952 0.083852827570464
9 0.5873795054242599 0.280008949427922 0.10421900332758832 0.08606260800629456
9 0.572801459225756 0.6255439128338938 0.11150423147053926 0.09355209568989903
9 0.30747378270556874 0.6276444448108676 0.10630049708271724 0.08820246163018146
9 0.25596104373666967 0.5948505658438735 0.10525975020515284 0.08713253481823813
9 0.4606741140940469 0.5630854962073975 0.10634124396028165 0.08920246163018146
9 0.38151871649639135 0.24205372631217215 0.09893377518463763 0.07871297394657699
9 0.19989734889217464 0.4167909184022865 0.09905601581733083 0.08171297394657699
9 0.6486010832799967 0.38042874324562204 0.10617825645002403 0.08520246163018158
9 0.29678444422903655 0.4005429810497377 0.10105601581733083 0.08185282757046411
9 0.2019635737075371 0.48844128434256895 0.10221900332758845 0.08592275438240757
9 0.7659729096770923 0.4365375258124008 0.11334124396028164 0.08969194931378616
9 0.5163294671344214 0.5920996679266173 0.11050423147053925 0.0934821688779557
9 0.47051199961226575 0.7254317038103295 0.11054497834810377 0.0944821688779557
9 0.35784813907353163 0.5782529944316073 0.10525975020515284 0.08713253481823813
9 0.6009304612998558 0.42464537659502355 0.10630049708271735 0.08820246163018157
9 0.6422182194136741 0.30459304795908543 0.10417825645002404 0.08506260800629457
9 0.47990581183325326 0.22570089874170815 0.10105601581733083 0.081852827570464
9 0.4155807543984956 0.6908825686851379 0.11154497834810377 0.09455209568989903
9 0.5327648992614498 0.2499248508967586 0.10305601581733072 0.081992681194351
9 0.4925993817803248 0.3669072527207532 0.10413750957245964 0.08406260800629457
9 0.3495620379021042 0.4267669332047882 0.10213750957245964 0.08392275438240744
9 0.2882997131688029 0.3273471393870881 0.09597452206220192 0.07950319351074654
9 0.622696189032501 0.5756874258606054 0.11146348459297496 0.09255209568989903
9 0.6078336986049606 0.49994610847558846 0.10721900332758832 0.08627238844212513
9 0.45591349086041755 0.48414491070294546 0.10417825645002404 0.08506260800629457
9 0.4990026190854295 0.44224294800728986 0.10209676269489523 0.08292275438240757
9 0.40311552374856763 0.4584209585478951 0.10217825645002404 0.08492275438240744
9 0.40710025480880124 0.5319314708642905 0.10525975020515284 0.08713253481823813
9 0.5934457302396222 0.35137960812043034 0.10521900332758832 0.08613253481823813
9 0.6565246940238837 0.4551595483142435 0.10934124396028165 0.08941224206601214
9 0.7053786769530644 0.40637298815289846 0.11025975020515284 0.08748216887795558
9 0.5615204625533444 0.5475578516070746 0.11038199083784617 0.0904821688779557
9 0.34047543964795957 0.35610605494811026 0.10105601581733072 0.081852827570464
9 0.5396885100053368 0.32472558277732344 0.10305601581733072 0.081992681194351
9 0.2530170595540005 0.5202701267155346 0.10621900332758843 0.08620246163018169
9 0.5224474762965753 0.674435363213154 0.11354497834810377 0.09469194931378615
9 0.20390755789020631 0.5630916502828514 0.10425975020515284 0.08706260800629434
9 0.4322963101694591 0.2684175320911096 0.10205601581733083 0.08192275438240745
9 0.38616643506688264 0.3115292752225959 0.10113750957245964 0.08385282757046411
9 0.24608834431109766 0.37217917527080024 0.09897452206220203 0.07971297394657699
9 0.545734361381917 0.39659624146983186 0.10513750957245975 0.08413253481823812
9 0.755028925494423 0.36251650117961 0.11030049708271736 0.08848216887795558
9 0.6669279313289885 0.5302155363530061 0.10930049708271736 0.08841224206601214
9 0.2496953160040245 0.44272465099316743 0.10209676269489523 0.08292275438240745
9 0.552759839319715 0.4688969733503968 0.10309676269489501 0.082992681194351
9 0.30579465322706817 0.5464940788705851 0.10525975020515284 0.08713253481823813
9 0.39573265988224504 0.3826551900733019 0.10109676269489523 0.08285282757046411
9 0.41088125148121285 0.6104419831806859 0.10638199083784616 0.09020246163018146
9 0.46647548420524065 0.6409561548999059 0.11246348459297485 0.0926220225018426
9 0.30237104248318114 0.4714486031482179 0.10317825645002404 0.08499268119435101
9 0.1021375986870218 0.5033990021309482 0.0980967626948952 0.08264304713463344
9 0.35400602208477344 0.5012424821152118 0.10621900332758832 0.08620246163018169
9 0.1525892173395742 0.5377628079098856 0.10225975020515284 0.08692275438240768
9 0.15084896754472704 0.4581124419696032 0.09809676269489523 0.08264304713463344