9 0.7335 0.3675 0.072 0.05
9 0.569 0.569 0.073 0.0545
9 0.6595 0.4165 0.0735 0.0505
9 0.6485 0.5195 0.0745 0.053
9 0.595 0.362 0.0715 0.0495
9 0.5315 0.3135 0.0695 0.0485
9 0.4935 0.619 0.075 0.0555
9 0.7245 0.4705 0.0735 0.051
9 0.5815 0.4645 0.0735 0.052
9 0.6665 0.318 0.071 0.0495
9 0.519 0.4095 0.072 0.0495
9 0.2975 0.552 0.074 0.0535
9 0.574 0.516 0.0765 0.056
9 0.562 0.6245 0.0785 0.063
9 0.6625 0.3685 0.075 0.0555
9 0.3435 0.666 0.0805 0.0605
9 0.3885 0.3535 0.069 0.0505
9 0.4475 0.4565 0.0715 0.0515
9 0.5115 0.4605 0.074 0.0545
9 0.36 0.557 0.075 0.0565
9 0.3685 0.5075 0.0705 0.052
9 0.304 0.5045 0.0755 0.053
9 0.216 0.603 0.072 0.055
9 0.418 0.6715 0.074 0.058
9 0.3735 0.453 0.073 0.052
9 0.4245 0.6155 0.0755 0.06
9 0.729 0.4195 0.074 0.0555
9 0.321 0.4 0.075 0.0525
9 0.432 0.5605 0.075 0.0545
9 0.3275 0.3505 0.0695 0.048
9 0.4395 0.513 0.0745 0.0555
9 0.589 0.413 0.075 0.053
9 0.458 0.3565 0.0705 0.0475
9 0.5595 0.681 0.075 0.0575
9 0.5295 0.3595 0.0715 0.0515
9 0.506 0.511 0.0725 0.053
9 0.3995 0.309 0.069 0.049
9 0.653 0.4685 0.074 0.055
9 0.288 0.6025 0.0785 0.057
9 0.4975 0.5655 0.0735 0.0575
9 0.2375 0.4945 0.07 0.0505
9 0.2055 0.6575 0.077 0.059
9 0.629 0.6855 0.08 0.062
9 0.451 0.4105 0.071 0.0525
9 0.381 0.407 0.0715 0.05
9 0.3525 0.607 0.0745 0.055
9 0.6385 0.6335 0.0745 0.058
9 0.2555 0.3965 0.071 0.048
9 0.244 0.4475 0.071 0.0535
9 0.7165 0.528 0.0745 0.0565
9 0.4855 0.676 0.0745 0.059
9 0.462 0.3115 0.07 0.0515
9 0.7155 0.578 0.072 0.054
9 0.3295 0.306 0.069 0.0495
9 0.7095 0.692 0.077 0.059
9 0.273 0.66 0.074 0.0555
9 0.309 0.4495 0.0725 0.0505
9 0.736 0.3195 0.0745 0.0545
9 0.6 0.3145 0.076 0.054
9 0.712 0.6345 0.074 0.061
9 0.2625 0.3475 0.072 0.0505
9 0.225 0.55 0.071 0.055
9 0.634 0.5745 0.0765 0.0595
9 0.2675 0.2985 0.0675 0.049