9 0.6306039579174159 0.384810882073485 0.09849318114108109 0.07665823116818068
9 0.32496836645310234 0.3179259945431298 0.09844660539253346 0.0756582311681807
9 0.2456670026813186 0.3015295893488725 0.08926030239834239 0.07150113558382667
9 0.3440533204975025 0.2627140031144455 0.09716715090124695 0.0696407761032525
9 0.724772339192511 0.6621785740208043 0.1036794841352721 0.08074550649282174
9 0.812384791002479 0.3604615212930283 0.09226030239834244 0.07155350077861135
9 0.35650667063899055 0.44658055947793796 0.0973068781468902 0.0726407761032524
9 0.5331710643526842 0.42464392337284024 0.09844660539253346 0.0756582311681807
9 0.4712641417398156 0.6042100773991806 0.1005863326381766 0.07869314129803706
9 0.6527354877103637 0.32865125583958527 0.09530687814689008 0.07260586597339602
9 0.3129641565618084 0.5649172670106657 0.1025863326381766 0.07872805142789366
9 0.39924644235061224 0.33473512441274617 0.09430687814689008 0.07258841090846783
9 0.44243963831368627 0.22389841688001844 0.09516715090124694 0.06960586597339602
9 0.6117628372560032 0.44553160103463346 0.09735345389543795 0.0736407761032524
9 0.28558886749583745 0.4328325223355705 0.10063290838672447 0.07969314129803706
9 0.4513997332041291 0.6654133412954009 0.10677263563236761 0.0827978716876064
9 0.49765604804107 0.2954195381783192 0.09221372664979458 0.07055350077861135
9 0.2039272309696969 0.41339247947899255 0.0993534538954379 0.07367568623310888
9 0.3332354136003995 0.5057227306469095 0.10363290838672447 0.07974550649282174
9 0.23370936853857244 0.5475208618164084 0.1046794841352721 0.08076296155775003
9 0.5139696709369149 0.4823559148015246 0.09730687814689008 0.07264077610325251
9 0.4995121109041328 0.54565518155485 0.10463290838672447 0.0797629615577498
9 0.2993368366601546 0.37402452804978087 0.09826030239834245 0.0716582311681807
9 0.4735710939966699 0.3505442542823625 0.09844660539253346 0.0756582311681807
9 0.6954710495306915 0.46400655402106794 0.10353975688962873 0.07774550649282173
9 0.6161531426335884 0.7058196096059491 0.10286578712946312 0.08472805142789366
9 0.41675732288089684 0.528197683633344 0.09740002964398559 0.0746407761032524
9 0.5570189297630516 0.6217199405154714 0.10681921138091548 0.0837978716876064
9 0.7099053216891996 0.4012072872677424 0.09635345389543795 0.07362332103832421
9 0.18631898905102298 0.4691306535050693 0.1057726356323676 0.0827804166226781
9 0.4547299733352572 0.411264973243511 0.09430687814689008 0.07258841090846772
9 0.5532793062713582 0.36894938700908403 0.09726030239834245 0.0716407761032524
9 0.6759093833605653 0.5187098179172882 0.10044660539253346 0.07569314129803706
9 0.574220323178821 0.5639730389569306 0.10053975688962874 0.07769314129803706
9 0.5727478209443889 0.31624612311286376 0.09649318114108109 0.07662332103832432
9 0.5137875778340179 0.2391551815548501 0.09435345389543773 0.07358841090846784
9 0.5305147939817219 0.6858097464896583 0.09858633263817683 0.07865823116818069
9 0.7421600356024715 0.6004316724622635 0.10053975688962874 0.07769314129803706
9 0.7922299733352572 0.4171560576567845 0.09644660539253345 0.07562332103832421
9 0.43566830716513105 0.46597696467219546 0.10149318114108109 0.07671059636296536
9 0.36773809667798857 0.6459383883089665 0.09849318114108109 0.07665823116818068
9 0.20746139937425526 0.6061106677905952 0.10253975688962891 0.07772805142789344
9 0.26184089833152024 0.4914659659720779 0.0994000296439857 0.07467568623310876
9 0.8269231692983312 0.3061709820721669 0.08935345389543795 0.07350113558382668
9 0.7475752297779997 0.2907745768779095 0.09312057515269907 0.06857095584353964
9 0.28864632377466964 0.625041983114709 0.10481921138091536 0.08376296155775004
9 0.39517236883649676 0.5833660373997078 0.10463290838672436 0.07976296155775003
9 0.6698437296290376 0.27290435428104437 0.09635345389543773 0.07362332103832421
9 0.22579163950538345 0.3522241257126286 0.10053975688962885 0.07769314129803706
9 0.7343971242365042 0.34809129869616323 0.09840002964398559 0.0746582311681807
9 0.6350408390435489 0.6440988906448005 0.1026794841352721 0.08072805142789366
9 0.7742957011767492 0.4798942316828612 0.09226030239834244 0.07155350077861135
9 0.5885889416058016 0.2554730389569305 0.09016715090124694 0.06951859064875493
9 0.5912011710858769 0.5002174098659256 0.10149318114108109 0.07671059636296536
9 0.36166156241617636 0.20697582908836873 0.09435345389543795 0.07358841090846778
9 0.37720806405476004 0.38889475064664597 0.09653975688962896 0.0776233210383242
9 0.1599778683896103 0.5297204594792562 0.09735345389543795 0.0736407761032524
9 0.28438348651866646 0.19011433402396777 0.09116715090124694 0.06953604571368316
9 0.2712286688514448 0.24693105584222147 0.09744660539253346 0.07564077610325246
9 0.42266838127509526 0.28310168077623876 0.09535345389543795 0.07360586597339602
9 0.12639291434521022 0.5846793524664813 0.10272605988381989 0.08172805142789366
9 0.7576641713838012 0.5361498607738662 0.09858633263817683 0.07865823116818069
9 0.6573819597049617 0.5834392644109008 0.10172605988381975 0.08171059636296536
9 0.6983846427825506 0.7237683799949912 0.09863290838672446 0.07965823116818069