9 0.4695191382526921 0.686477274594378 0.11538731464069951 0.10025886716271361
9 0.44598738246454034 0.6133662370013692 0.11431747310171614 0.09822977013447508
9 0.5525635963561045 0.7902904883393401 0.11870160156612519 0.10934615824742923
9 0.5137048301323162 0.5214321260063038 0.11010794848476553 0.09211338202152138
9 0.3918588086136889 0.5938095459906088 0.10707302771527384 0.09102609093680576
9 0.5253810058729697 0.4123831299440009 0.10293334463730684 0.0869097028238516
9 0.4122508813238736 0.662833292498902 0.11021271079324083 0.09511338202152138
9 0.6655317981780522 0.4064712624115124 0.11524763156273252 0.09625886716271384
9 0.33759055168487045 0.570252854979848 0.11021271079324083 0.09511338202152114
9 0.4176762393255044 0.37478429643659894 0.10186350309832323 0.08488060579561306
9 0.4044302220458673 0.4817896469565442 0.10703810694578203 0.09002609093680576
9 0.6078857639424549 0.38631273180191694 0.10400318617629023 0.08893879985209015
9 0.7246254512594119 0.4251734385634655 0.11014286925425722 0.09311338202152114
9 0.6331206931899268 0.45098196345140285 0.10600318617629023 0.08899699390856722
9 0.5273746971052399 0.7126358052039735 0.11438731464069951 0.1002297701344753
9 0.5026984577797354 0.3492866408651113 0.10089842386781515 0.08585150876737453
9 0.49200482165433596 0.4578647339556528 0.10907302771527384 0.09108428499328261
9 0.37255403782723356 0.527314896510554 0.10400318617629034 0.08893879985209015
9 0.23172864167469232 0.5282122155289232 0.11017779002374903 0.09411338202152114
9 0.5755619608780588 0.4333234328418074 0.10914286925425722 0.09308428499328261
9 0.6032619693560389 0.49706540706188956 0.11221271079324083 0.09517157607799823
9 0.2874794382187649 0.5513125520820416 0.10496826540679853 0.08796789688032867
9 0.7525699051238344 0.4959154127835477 0.1112127107932406 0.09514247904975968
9 0.3528540293492534 0.4638056985163798 0.10189842386781515 0.08588060579561306
9 0.25151595207640176 0.5942214135230972 0.11117779002374903 0.09414247904975992
9 0.4383413270339928 0.4373225914590115 0.10189842386781504 0.08588060579561306
9 0.6923191085797616 0.47268413960335603 0.11531747310171613 0.09825886716271384
9 0.7948238666492469 0.4471956820260424 0.1336317600271418 0.10778261367100708
9 0.5027556393933588 0.6369956705827261 0.11124763156273253 0.09614247904975969
9 0.433335018266263 0.7373715875213145 0.11231747310171601 0.09817157607799823
9 0.4803984874526659 0.5689137300179559 0.10600318617629023 0.08899699390856722
9 0.5553619524000787 0.3697996863335142 0.11010794848476553 0.09211338202152115
9 0.6290492797577484 0.5632491872254948 0.11535239387120783 0.09925886716271361
9 0.5620413567069231 0.6611978467346794 0.1184222354101912 0.10134615824742924
9 0.3559651640103093 0.6387184074316643 0.11224763156273253 0.09617157607799823
9 0.5370270613035173 0.5885431635993127 0.11431747310171614 0.0982297701344753
9 0.5709556266763887 0.54457610810178 0.10810794848476553 0.09205518796504407
9 0.5470810143509499 0.47595052199465193 0.10496826540679853 0.08796789688032867
9 0.4916207355798273 0.7615446666450291 0.12063176002714181 0.10740435230390631
9 0.3950286120017619 0.3126878073577094 0.10296826540679854 0.0879097028238516
9 0.32365882133065904 0.6862291084715548 0.10910794848476553 0.09208428499328283
9 0.6904048386102962 0.5895095574339249 0.11328255233222422 0.09720067310623676
9 0.31839054320689036 0.5067582054997933 0.10810794848476553 0.09205518796504418
9 0.4596286374357022 0.5033754349955433 0.10400318617629023 0.08893879985209015
9 0.3052318278509826 0.6162635560197385 0.10914286925425734 0.09308428499328261
9 0.5881778748035501 0.7373816268982845 0.1237016015661252 0.10949164338862193
9 0.47030481317635586 0.39429734190500176 0.10807302771527384 0.09105518796504418
9 0.6581857978543754 0.6395202584738153 0.11952699771866651 0.10437525527566777
9 0.3765493009526987 0.7132421539399577 0.11749207694917482 0.1033170612191907
9 0.38476513433737897 0.41928044896237016 0.10700318617629023 0.08902609093680565
9 0.42666515129333915 0.5463715875213145 0.11010794848476553 0.09211338202152115
9 0.5952953182323358 0.6122162427230273 0.11128255233222444 0.09714247904975991
9 0.2689080247865865 0.6631578689466748 0.11531747310171601 0.09825886716271362
9 0.6584953055153655 0.5196511951008886 0.11117779002374892 0.09414247904975968
9 0.449069883928884 0.32974449836847 0.10703810694578214 0.09002609093680565
9 0.623379455174725 0.6869582169431097 0.1194222354101912 0.10137525527566776
9 0.21665722824251396 0.6401593719923914 0.10403810694578203 0.08993879985209015
9 0.330566718947544 0.3977237579516095 0.10293334463730684 0.0869097028238516
9 0.3001730743441644 0.44279265304797705 0.11210794848476553 0.09217157607799822
9 0.36861750701363644 0.3573730905670309 0.10296826540679854 0.0879097028238516
9 0.19842229899504207 0.5756938195405751 0.10700318617629034 0.08902609093680576
9 0.7201937209052005 0.5414261138234382 0.12245715617968289 0.10246254636038339
9 0.1567207186238671 0.6259280988121996 0.12752699771866652 0.10460803150157608
9 0.27024450897129304 0.48687609665846376 0.10393334463730684 0.08693879985209015