9 0.7623371399731307 0.40217722882111306 0.10550234442851252 0.08899699390856722
9 0.7224841281600397 0.3567974644082959 0.1024150533437969 0.0859097028238516
9 0.5676373082496899 0.4353656978417429 0.10956053848498937 0.09111338202152115
9 0.6518142348476335 0.5249942900403038 0.10958963551322791 0.09211338202152115
9 0.5935491757821785 0.2939927869945875 0.10753144145675106 0.09005518796504418
9 0.7533593834357076 0.47199729613173674 0.10758963551322791 0.09205518796504418
9 0.20575519940836046 0.3983551765217279 0.12385150876737452 0.10152074041686046
9 0.6459526867032889 0.2719506444979461 0.10444415037203544 0.08696789688032867
9 0.6322224346257685 0.6771926187180283 0.11276421768265892 0.09820067310623676
9 0.6090194170910195 0.4817018167122023 0.10856053848498937 0.09108428499328272
9 0.25179734190500175 0.45006035876511397 0.12488060579561307 0.102549837445099
9 0.5995853060959541 0.5530364325369452 0.10958963551322791 0.09211338202152115
9 0.5882675832138428 0.6284292424181651 0.11479331471089745 0.09925886716271361
9 0.4881419971067147 0.6098243967278975 0.11582241173913599 0.10028796419095215
9 0.8449413240004778 0.4893494665620318 0.10250234442851251 0.0889097028238516
9 0.5143647339556529 0.4619369373666228 0.10756053848498937 0.09105518796504418
9 0.6858495237786131 0.6456068306790291 0.10964782956970498 0.09411338202152114
9 0.64254015750788 0.6018289058650469 0.11067692659794329 0.0951424790497599
9 0.5791587103294709 0.36697288796052296 0.10753144145675082 0.09005518796504418
9 0.5316695910892367 0.6611023215418798 0.11785150876737452 0.10134615824742924
9 0.5566741002263861 0.5057439592088436 0.10853144145675082 0.09008428499328261
9 0.4714971736284426 0.4161444640385212 0.10853144145675082 0.09008428499328261
9 0.42955687073063603 0.3678228936821811 0.11061873254146644 0.09314247904975968
9 0.686703858917545 0.3138013118825247 0.10338595631555836 0.08493879985209014
9 0.6956963436889629 0.571257666340167 0.11061873254146644 0.09314247904975992
9 0.2671296133012323 0.3750511607709399 0.12076421768265902 0.09843344933214485
9 0.31298262511432334 0.4202563430143259 0.11879331471089745 0.09937525527566776
9 0.605614223404317 0.22708542859924818 0.10244415037203544 0.0869097028238516
9 0.733607549558531 0.6186956248094612 0.10756053848498959 0.09105518796504429
9 0.6747697479224797 0.38520867027786393 0.10756053848498937 0.09105518796504407
9 0.29575219331692754 0.498823735064977 0.1198224117391361 0.10040435230390642
9 0.5262406508942412 0.3885295789712836 0.10853144145675082 0.09008428499328272
9 0.8031756032721026 0.4470278962056917 0.10450234442851251 0.08896789688032868
9 0.40037777942405567 0.5172976441281715 0.11679331471089745 0.09931706121919069
9 0.5014306229605875 0.5333733927902006 0.11470602362618205 0.09625886716271362
9 0.5449145714007518 0.5831513176041828 0.11373512065442037 0.0972297701344753
9 0.3288730905670309 0.34723259650603266 0.11870602362618206 0.09637525527566788
9 0.4166809537920477 0.4412593491057588 0.11470602362618194 0.09625886716271384
9 0.8867652387853304 0.5336710369183719 0.10250234442851251 0.0889097028238516
9 0.45954851411925796 0.48705182243386036 0.1136769265979434 0.0952297701344753
9 0.6622774428709373 0.45463057718732236 0.11056053848498937 0.09114247904975968
9 0.5756244425011625 0.7098656978417429 0.11279331471089744 0.09920067310623676
9 0.44254917578217845 0.29838643825860334 0.1115896355132279 0.09217157607799822
9 0.48398947867998493 0.3467225571290627 0.11161873254146644 0.09317157607799822
9 0.3559520250403684 0.46954881634242757 0.11776421768265902 0.09834615824742923
9 0.518497353348318 0.7415533254795769 0.11682241173913599 0.10031706121919069
9 0.42857310201034715 0.6435847669363277 0.1209097028238516 0.10343344933214485
9 0.7120791141932129 0.4291611772612774 0.10656053848498959 0.09102609093680565
9 0.7439398209547614 0.5438319119564796 0.1065896355132279 0.09202609093680576
9 0.6208953340296077 0.40829445831686306 0.10753144145675106 0.09005518796504418
9 0.37185703900719524 0.39702506983413427 0.11773512065442049 0.09734615824742934
9 0.8374926644912932 0.5601258883302976 0.10656053848498959 0.09102609093680576
9 0.4437889852936237 0.5645755689421538 0.11776421768265902 0.09834615824742923
9 0.7852782842537334 0.588668030826939 0.10350234442851251 0.08893879985209015
9 0.7036595517122669 0.5009666960577818 0.10753144145675106 0.09005518796504418
9 0.6349021875952694 0.3393289058650468 0.10650234442851252 0.08902609093680565
9 0.4964090411609311 0.2748006502196042 0.10953144145675082 0.09011338202152126
9 0.5392766014881413 0.3205931235477058 0.10853144145675106 0.09008428499328272
9 0.7952123952487986 0.5173188664880768 0.10558963551322813 0.09199699390856722
9 0.3412070447288534 0.5475434658224823 0.12285150876737452 0.10149164338862192
9 0.551783455053803 0.2516712166382474 0.10753144145675082 0.09005518796504418
9 0.3852620529740221 0.3245740658964373 0.11058963551322791 0.09214247904975968
9 0.476969759365796 0.6902172066091176 0.12188060579561306 0.10246254636038339
9 0.38551641099958656 0.5912922936082261 0.11985150876737452 0.1014043523039063