8 0.957033148 0.667785544 0.958653088 0.639972253 0.815962453 0.088165188 0.023586161 0.263861376 0.059692554 0.8751750859999999 0.957033148 0.667785544
10 0.753300871 0.151954961 0.10729235300000001 0.296168443 0.141761764 0.796078496 0.8633932009999999 0.631536018 0.753300871 0.151954961
9 0.207803277 0.509722226 0.127375555 0.528700021 0.13239490799999998 0.590229063 0.214613432 0.572445313 0.207803277 0.509722226
9 0.127411508 0.529921874 0.20783920800000003 0.510943324 0.204431336 0.451367554 0.118954253 0.470888376 0.127411508 0.529921874
9 0.194470416 0.394044831 0.115542622 0.40780484899999997 0.118918322 0.469667279 0.201100915 0.45066243100000003 0.194470416 0.394044831
9 0.194357034 0.333953086 0.112241247 0.351857631 0.11551045 0.41009150899999997 0.199376219 0.39204977100000005 0.194357034 0.333953086
9 0.18282073 0.27933054399999996 0.10568078900000001 0.297648326 0.113749823 0.350257753 0.186084876 0.334021926 0.18282073 0.27933054399999996
9 0.29166904499999996 0.49168049 0.21286674 0.5091731930000001 0.212894325 0.570261106 0.301773692 0.553887601 0.29166904499999996 0.49168049
9 0.209450522 0.50946424 0.298357926 0.48964636300000003 0.29151973299999995 0.430367648 0.204395405 0.450146457 0.209450522 0.50946424
9 0.288183722 0.37323407200000003 0.20110571400000002 0.39072172699999996 0.20446726699999998 0.452588651 0.291663458 0.43525203599999995 0.288183722 0.37323407200000003
9 0.281522881 0.371823826 0.273374461 0.315574007 0.19274572 0.335432171 0.19769304399999998 0.391086661 0.281522881 0.371823826
9 0.26998098800000003 0.260772831 0.187876937 0.278637558 0.19428517099999998 0.331510892 0.276575557 0.31616933599999997 0.26998098800000003 0.260772831
9 0.38377104 0.472348815 0.300005444 0.489388333 0.303277213 0.548745225 0.390473402 0.531408609 0.38377104 0.472348815
9 0.37556922800000003 0.413724553 0.28994434999999996 0.433067829 0.29825802599999995 0.49064854 0.38369917800000003 0.46990662 0.37556922800000003 0.413724553
9 0.367143688 0.35718739299999996 0.281690298 0.37319084199999997 0.289908419 0.43184673199999996 0.37542143299999997 0.413547007 0.367143688 0.35718739299999996
9 0.363813267 0.35648227000000005 0.355642516 0.299006944 0.274964244 0.31764842099999996 0.281522881 0.371823826 0.363813267 0.35648227000000005
9 0.350552267 0.243247069 0.27179251 0.261812465 0.278222803 0.31591134899999995 0.358722219 0.295943391 0.350552267 0.243247069
9 0.486126993 0.576537094 0.476152429 0.5133549829999999 0.39219250899999997 0.5335928169999999 0.39731948899999997 0.595352794 0.486126993 0.576537094
9 0.46763680900000004 0.454307078 0.382273499 0.47282127100000004 0.387178913 0.531924584 0.47759773 0.5116298 0.46763680900000004 0.454307078
9 0.45615381000000005 0.396193668 0.37545736399999996 0.414768105 0.38040468800000005 0.470422595 0.469176261 0.450385798 0.45615381000000005 0.396193668
9 0.452620771 0.33766657099999997 0.368864955 0.354627837 0.375385502 0.41232591 0.45430953599999996 0.395058134 0.452620771 0.33766657099999997
9 0.44925441899999996 0.33574035300000005 0.442817173 0.280443939 0.35875815 0.297164489 0.367071826 0.35474519800000004 0.44925441899999996 0.33574035300000005
9 0.437718116 0.281117809 0.431278206 0.225786871 0.352199513 0.242989081 0.358722219 0.295943391 0.437718116 0.281117809
9 0.533156119 0.318919711 0.44783797399999997 0.338576834 0.457604026 0.39454216000000003 0.539858482 0.377979506 0.533156119 0.318919711
9 0.531472943 0.317956601 0.5234017559999999 0.262913053 0.440940744 0.278159641 0.450973526 0.337924559 0.531472943 0.317956601
9 0.521512023 0.26063387699999996 0.510179318 0.207292163 0.43438210600000005 0.22398423399999998 0.444271164 0.27886476299999996 0.521512023 0.26063387699999996
9 0.612008291 0.29920974 0.5349407230000001 0.317570121 0.5430811099999999 0.37502133800000004 0.620321967 0.35679045200000004 0.612008291 0.29920974
9 0.612044222 0.300430838 0.602374776 0.246862051 0.523195199 0.261596987 0.531508874 0.31917769900000004 0.612044222 0.300430838
9 0.602083302 0.24310811400000001 0.594058938 0.189245218 0.513306141 0.206716459 0.523195199 0.261596987 0.602083302 0.24310811400000001
9 0.627172134 0.358361863 0.709201333 0.340416946 0.6958740609999999 0.281168003 0.613691467 0.30017285099999996 0.627172134 0.358361863
9 0.6958740609999999 0.281168003 0.686146536 0.22514954599999998 0.603766478 0.244071225 0.613655536 0.298951754 0.6958740609999999 0.281168003
9 0.68261865 0.224361254 0.6729960039999999 0.17197236200000002 0.5922301750000001 0.18944868199999998 0.603730546 0.242850127 0.68261865 0.224361254
9 0.763189929 0.20683549099999998 0.751897116 0.153477653 0.672765523 0.170701821 0.687596316 0.224808389 0.763189929 0.20683549099999998
9 0.78988096 0.31937650300000003 0.778092585 0.263384252 0.695909992 0.2823891 0.709165402 0.339195849 0.78988096 0.31937650300000003
9 0.778092585 0.263384252 0.7651555080000001 0.21032039800000002 0.685949071 0.22506637699999998 0.699168551 0.280652029 0.778092585 0.263384252
9 0.549819402 0.43530223 0.464433695 0.45258864899999995 0.47763366100000004 0.5128508970000001 0.559816254 0.493846051 0.549819402 0.43530223
9 0.544975985 0.377372633 0.459287203 0.395505269 0.467564947 0.451864884 0.5513947849999999 0.432602048 0.544975985 0.377372633
9 0.63364924 0.41603939500000003 0.553219915 0.43254576100000003 0.5647579899999999 0.493072089 0.643682024 0.475804313 0.63364924 0.41603939500000003
9 0.6239130509999999 0.36009977800000004 0.5382471679999999 0.37945859000000004 0.5482440199999999 0.438002411 0.633613309 0.41481829800000003 0.6239130509999999 0.36009977800000004
9 0.7207376379999999 0.395039488 0.633768547 0.413793021 0.6420347789999999 0.4760623 0.732417666 0.45454641900000003 0.7207376379999999 0.395039488
9 0.70944019 0.341794802 0.625371496 0.359679782 0.6352246229999999 0.413339214 0.7207376379999999 0.395039488 0.70944019 0.341794802
9 0.8182250289999999 0.438913228 0.804531545 0.37455555700000004 0.719090393 0.395297475 0.7291231749999999 0.455062393 0.8182250289999999 0.438913228
9 0.801272986 0.37629262799999996 0.790024773 0.324263917 0.7092731959999999 0.34285914 0.7223489510000001 0.39356040400000003 0.801272986 0.37629262799999996
9 0.129245133 0.5922363890000001 0.13275980799999998 0.658868487 0.221459518 0.636389497 0.212966188 0.5727033 0.129245133 0.5922363890000001
9 0.223267876 0.637657514 0.22844933 0.705218068 0.32051539300000004 0.684665297 0.31184240599999996 0.6148736149999999 0.223267876 0.637657514
9 0.311878337 0.616094713 0.30520601199999997 0.553630494 0.214613432 0.572445313 0.223214558 0.639794801 0.311878337 0.616094713
9 0.395672243 0.59561078 0.392344714 0.533845635 0.30667949499999997 0.5518925410000001 0.308511985 0.614168493 0.395672243 0.59561078
9 0.573251321 0.556758285 0.5633989930000001 0.497235684 0.47763366100000004 0.5128508970000001 0.487846101 0.5787213 0.573251321 0.556758285
9 0.660447511 0.53942167 0.645293338 0.47432522899999996 0.5631466759999999 0.494551173 0.571532214 0.554574078 0.660447511 0.53942167
9 0.745924595 0.519900848 0.732697891 0.457218203 0.645329269 0.47554632500000005 0.657081159 0.53749545 0.745924595 0.519900848
9 0.8314016769999999 0.500380026 0.818260983 0.44013508100000004 0.734100841 0.45550952899999997 0.7475359079999999 0.5184217640000001 0.8314016769999999 0.500380026
9 0.849971996 0.561599452 0.836343412 0.499606064 0.7491831539999999 0.5181637769999999 0.759395592 0.58403418 0.849971996 0.561599452
9 0.863518015 0.6282170220000001 0.8482749589999999 0.567660674 0.761078768 0.584997289 0.772938453 0.6506097049999999 0.863518015 0.6282170220000001
9 0.7594315229999999 0.585255277 0.674083023 0.6026490529999999 0.685814124 0.670388514 0.7761970109999999 0.648872633 0.7594315229999999 0.585255277
9 0.660644865 0.539697043 0.670624019 0.604070975 0.761078768 0.584997289 0.744241419 0.518937738 0.660644865 0.539697043
9 0.570103265 0.556332402 0.583463759 0.622628688 0.673882578 0.602333904 0.657081159 0.53749545 0.570103265 0.556332402
9 0.487907116 0.575343171 0.494728118 0.643886581 0.586794181 0.623333811 0.574970429 0.558942492 0.487907116 0.575343171
9 0.400768413 0.595128029 0.409251035 0.663407403 0.5012452359999999 0.6404124379999999 0.486162924 0.5777581900000001 0.400768413 0.595128029
9 0.308759061 0.618130685 0.317220903 0.685181271 0.409215104 0.662186307 0.40064990899999997 0.596057916 0.308759061 0.618130685
9 0.132834136 0.657958432 0.13806644399999998 0.7267339490000001 0.226766155 0.704254957 0.223070833 0.634910412 0.132834136 0.657958432
9 0.14308511899999998 0.7250920630000001 0.145128117 0.798004715 0.233791897 0.774304627 0.226730223 0.703033862 0.14308511899999998 0.7250920630000001
9 0.32585796 0.7537518559999999 0.315679054 0.684558522 0.231743821 0.704702093 0.235439142 0.77404664 0.32585796 0.7537518559999999
9 0.414593601 0.732493963 0.407796266 0.665221426 0.32219856900000005 0.685628407 0.33072783299999997 0.7505357 0.414593601 0.732493963
9 0.508270978 0.710462108 0.496411294 0.644849691 0.409286967 0.664628501 0.416240846 0.732235976 0.508270978 0.710462108
9 0.595359376 0.6894622 0.582001766 0.6232080019999999 0.497950745 0.640928413 0.509846362 0.707761926 0.595359376 0.6894622
9 0.684130948 0.669425404 0.672543366 0.6065726419999999 0.586758251 0.622112714 0.595359376 0.6894622 0.684130948 0.669425404
0 0.242181839 0.8280109800000001 0.235884014 0.789447731 0.145349449 0.812557575 0.14829574099999998 0.85419732 0.242181839 0.8280109800000001
1 0.334504274 0.807172713 0.331836585 0.76972926 0.239422387 0.792720941 0.245645476 0.8287443090000001 0.334504274 0.807172713
2 0.428614581 0.7886060199999999 0.424211647 0.750155381 0.329956952 0.769611097 0.33465374800000003 0.812252477 0.428614581 0.7886060199999999
3 0.520974387 0.7690376919999999 0.5165493179999999 0.729310778 0.422279388 0.748772829 0.428651949 0.7898759599999999 0.520974387 0.7690376919999999
4 0.6115836880000001 0.74846773 0.602033312 0.709539578 0.516352327 0.728936194 0.5261137889999999 0.768232772 0.6115836880000001 0.74846773
5 0.70055459 0.730705957 0.690981536 0.690502403 0.6000717210000001 0.708169519 0.608157417 0.7490043439999999 0.70055459 0.730705957
6 0.792690184 0.703517984 0.783281816 0.668387072 0.687217384 0.68686623 0.6935525770000001 0.7266994210000001 0.792690184 0.703517984
7 0.784957843 0.666847993 0.79280229 0.707327807 0.8798732149999999 0.683484636 0.868361249 0.643186425 0.784957843 0.666847993
7 0.750555348 0.141177279 0.740640124 0.10439222100000001 0.663735901 0.122815729 0.671634756 0.157300849 0.750555348 0.141177279
6 0.587967497 0.173024284 0.669809516 0.153759333 0.663735901 0.122815729 0.58336804 0.14050591 0.587967497 0.173024284
5 0.506614188 0.157680792 0.51261217 0.192412904 0.589479024 0.17271945400000002 0.58336804 0.14050591 0.506614188 0.157680792
4 0.424457558 0.179427786 0.432345497 0.20761006699999998 0.5108990339999999 0.19268121 0.506575923 0.16273924 0.424457558 0.179427786
3 0.343977593 0.193308143 0.351964367 0.225305485 0.43216957100000003 0.207563201 0.42434545300000004 0.17561796300000002 0.343977593 0.193308143
2 0.265360235 0.211999958 0.26994460299999995 0.24581071 0.350125945 0.22679163 0.345728096 0.194309778 0.265360235 0.211999958
1 0.178139835 0.230763365 0.18596395300000002 0.26270860199999996 0.26800758 0.243480175 0.265360235 0.211999958 0.178139835 0.230763365
0 0.10462451299999999 0.247380318 0.105755506 0.281738249 0.184250818 0.262976909 0.179890338 0.231764999 0.10462451299999999 0.247380318