9 0.6467195020728795 0.43788644364245805 0.0843956124271449 0.07534904773617768
9 0.653301285053975 0.5384113756236136 0.0874072480867669 0.07761151372675522
9 0.521647779291469 0.6723191277064287 0.0914363372358216 0.08296146838085906
9 0.7175423916273874 0.49955439442103566 0.0863956124271449 0.07552402506322937
9 0.738598661101818 0.7687604233597911 0.10247706204449833 0.09092384367964428
9 0.5819987579038054 0.48019968051327294 0.08440143025695579 0.07634904773617768
9 0.7112485912219343 0.4485294624398801 0.0894188837463887 0.07978649105380714
9 0.518568905225279 0.5726004060476139 0.08943051940601071 0.08178649105380736
9 0.6551038122041447 0.5905426086189025 0.0924363372358216 0.08304895704438513
9 0.5799257016674262 0.3815684475179841 0.084389794597334 0.07434904773617768
9 0.4492111086919052 0.505063688264325 0.0904130659165778 0.07887397971733322
9 0.3164612753737763 0.5364276960153771 0.0874014302569559 0.07661151372675545
9 0.3846907462875669 0.49592066946690294 0.0854014302569559 0.07643653639970353
9 0.5239677599310716 0.7274941050334806 0.09143051940601071 0.08196146838085906
9 0.4501380524555261 0.40669492125961393 0.08640724808676692 0.07752402506322938
9 0.5218394343114884 0.6193628720381916 0.08940724808676691 0.07778649105380736
9 0.5159696687547505 0.469425428720562 0.0874072480867669 0.07761151372675544
9 0.45543285295220587 0.7155011315819547 0.09344797289544363 0.08513644570791075
9 0.4505194536718858 0.558151176927851 0.08740143025695601 0.07661151372675545
9 0.5846623238659965 0.6803309135085619 0.09243051940601071 0.08204895704438514
9 0.24712384124474085 0.4723909782320884 0.083389794597334 0.07426155907265161
9 0.24672598663017473 0.5758034895685625 0.08540724808676686 0.07743653639970352
9 0.5156816861791083 0.419925428720562 0.08540143025695579 0.07643653639970353
9 0.6539005215245034 0.6414113756236136 0.09442470157619982 0.08122393437143682
9 0.38111478113628233 0.3966582034763252 0.08538397676752311 0.07343653639970353
9 0.37790858154173557 0.4468519931539845 0.0884188837463887 0.0796990023902813
9 0.7244412463331801 0.6545793264021912 0.09644797289544339 0.08539891169848875
9 0.3836157812275088 0.6547456921398511 0.09144215506563262 0.08396146838085906
9 0.44730452733262266 0.6068449666055103 0.09443633723582161 0.08322393437143683
9 0.31557696524251105 0.38442769601537713 0.08841306591657781 0.0786990023902813
9 0.6470103935634273 0.487886443642458 0.08741888374638893 0.07961151372675533
9 0.5177372889260545 0.5155566617158509 0.085389794597334 0.07443653639970353
9 0.5128966125183714 0.3707067070617472 0.08541306591657781 0.07843653639970352
9 0.25103914934873983 0.37228467721795505 0.0803723411079012 0.07099909308207385
9 0.3842812560133788 0.5973331808033769 0.08842470157619971 0.0806990023902813
9 0.45014487037656353 0.665563688264325 0.08842470157619971 0.0806990023902813
9 0.5880718141401844 0.5791808681626656 0.08740143025695601 0.07661151372675545
9 0.6665404828037085 0.7524612395859247 0.09242470157619982 0.08104895704438514
9 0.5823714323754486 0.63015593618151 0.08943051940601071 0.08178649105380736
9 0.658203048674673 0.6937613302777172 0.09745379072525452 0.08648640036201459
9 0.7166125389488611 0.5974231614257468 0.08741306591657781 0.07861151372675544
9 0.37699327343773653 0.5472207601586956 0.09043051940601071 0.08187397971733298
9 0.4509347617758848 0.4577386655913769 0.08538397676752311 0.07343653639970353
9 0.382409581632962 0.7051144591445623 0.08942470157619971 0.08078649105380736
9 0.314263802523946 0.5882089743565623 0.09244215506563262 0.08404895704438513
9 0.24241764165019414 0.5224535349144588 0.0864247015761997 0.08052402506322938
9 0.7317641358876881 0.7106917470468727 0.09442470157619982 0.08122393437143682
9 0.5955230293142756 0.7432495444755841 0.09445379072525452 0.08622393437143683
9 0.5832751048198256 0.5277871691767989 0.08540724808676668 0.07743653639970352
9 0.31107214750392653 0.6409027640342218 0.09243051940601071 0.08204895704438514
9 0.24755178509958825 0.6318472339003255 0.08744215506563262 0.08361151372675545
9 0.24336303899447434 0.6849535349144589 0.08541306591657787 0.07843653639970352
9 0.31436494781815333 0.43379646302008823 0.084389794597334 0.07434904773617768
9 0.3121587482236066 0.48407774136127346 0.09342470157619982 0.08113644570791087
9 0.7188332831179353 0.5496418830845616 0.09343051940601071 0.08213644570791075
9 0.7119576997313865 0.39861695110340606 0.08540724808676692 0.07743653639970352
9 0.3093630389944743 0.6907277867071698 0.08943051940601071 0.08178649105380736
9 0.24827152917743592 0.32606595555914025 0.09142470157619971 0.08096146838085906
9 0.24582422300947668 0.4208034895685625 0.0874072480867669 0.07761151372675533
9 0.5806962307536357 0.428112191849747 0.08040143025695579 0.07599909308207395
9 0.4508646144544111 0.35978240992313987 0.0843956124271449 0.07534904773617768
9 0.31829189158177423 0.3356901620059549 0.084389794597334 0.07434904773617768
9 0.38182679856064 0.3472456921398511 0.0884072480867669 0.0776990023902813
9 0.6479606086462919 0.39351767663774695 0.08541306591657781 0.07843653639970352