9 0.27 0.5214983430576092 0.082 0.06434124396028164
9 0.2535 0.571170666537422 0.09 0.06866721898079686
9 0.671 0.34315884515428047 0.084 0.06442273771541045
9 0.6465 0.4466571436546086 0.085 0.06446348459297496
9 0.5465 0.5447318314110496 0.084 0.06442273771541045
9 0.3185 0.36352211949573526 0.085 0.06346348459297485
9 0.525 0.38760788927868445 0.078 0.06017825645002404
9 0.371 0.42388290842360365 0.083 0.06238199083784605
9 0.489 0.4905747768710032 0.079 0.060219003327588554
9 0.2375 0.4133226165784525 0.08 0.06325975020515284
9 0.328 0.5771350241588733 0.084 0.06542273771541045
9 0.388 0.5831902115050087 0.084 0.06942273771541045
9 0.193 0.5666358526300687 0.077 0.061137509572459746
9 0.5335 0.5997615408193869 0.089 0.07162647210323257
9 0.273 0.3138761024249159 0.078 0.06017825645002404
9 0.5215 0.6537505033501598 0.082 0.06534124396028164
9 0.702 0.5093956919497837 0.084 0.06842273771541045
9 0.587 0.393581582869691 0.083 0.06338199083784617
9 0.3385 0.528707181944447 0.082 0.06634124396028164
9 0.4385 0.429632494188006 0.082 0.06034124396028164
9 0.3835 0.37037357245404856 0.08 0.06025975020515284
9 0.6025 0.33995000626744265 0.08 0.05825975020515284
9 0.2915 0.4651222851899744 0.086 0.06350423147053925
9 0.3115 0.6363073476386861 0.087 0.06854497834810377
9 0.374 0.6407606677909105 0.082 0.06534124396028164
9 0.663 0.6739848201747958 0.08 0.06925975020515283
9 0.175 0.6153692964262282 0.08 0.06625975020515285
9 0.465 0.3280527019325491 0.081 0.05930049708271724
9 0.4135 0.27315116612711626 0.08 0.05825975020515284
9 0.5625 0.4975798813700191 0.083 0.06638199083784616
9 0.602 0.6109703797062248 0.081 0.06830049708271736
9 0.5875 0.6635612094309088 0.084 0.07242273771541045
9 0.3975 0.3223031161681468 0.085 0.06246348459297485
9 0.658 0.39868855456261787 0.08 0.06125975020515284
9 0.628 0.5024109608895502 0.084 0.06242273771541045
9 0.68 0.2957921232562008 0.079 0.060219003327588436
9 0.223 0.4614134463031364 0.075 0.060056015817330714
9 0.505 0.4359228268299727 0.084 0.06342273771541045
9 0.573 0.44015203915559276 0.083 0.06238199083784616
9 0.448 0.648745398851144 0.089 0.07362647210323257
9 0.535 0.33320042050304033 0.081 0.06430049708271725
9 0.3565 0.47247373814828764 0.079 0.06121900332758844
9 0.7495 0.2999602152654743 0.086 0.06550423147053926
9 0.462 0.5901749425652423 0.08 0.06525975020515284
9 0.3025 0.41867406953676584 0.082 0.06034124396028164
9 0.5435 0.28735407204374286 0.077 0.060137509572459634
9 0.424 0.4812233239126899 0.084 0.06642273771541045
9 0.2555 0.3600891727822931 0.079 0.05721900332758832
9 0.685 0.5620883888683789 0.081 0.06630049708271736
9 0.676 0.6189551107664586 0.081 0.07330049708271735
9 0.474 0.5396859800344693 0.083 0.06638199083784616
9 0.209 0.5174839025890382 0.082 0.06334124396028165
9 0.407 0.5329160208312849 0.082 0.06234124396028164
9 0.2375 0.6288226165784525 0.08 0.06225975020515284
9 0.607 0.5572666453184028 0.074 0.06801526893976644
9 0.3415 0.27208494131175376 0.079 0.06321900332758844
9 0.3325 0.3179516632098335 0.077 0.05813750957245963
9 0.452 0.37908241134088644 0.085 0.06446348459297496
9 0.711 0.4535289700517041 0.078 0.06217825645002404
9 0.4795 0.27696187220786517 0.084 0.06442273771541045
9 0.737 0.35146955123502943 0.078 0.05917825645002404
9 0.28 0.26259087428196504 0.079 0.060219003327588436
9 0.7255 0.4049381403270202 0.079 0.06521900332758844
9 0.6155 0.2904202968591053 0.087 0.06454497834810377