8 0.060146327 0.877656166 0.951556615 0.830198527 0.8950949269999999 0.228640901 0.108150651 0.182504185 0.060146327 0.877656166
10 0.161092982 0.799415195 0.881407245 0.7699145009999999 0.840344199 0.278663817 0.188579127 0.247959274 0.161092982 0.799415195
2 0.91 0.6065 0.039 0.0655
9 0.831 0.6055 0.077 0.063
3 0.901 0.5425 0.0355 0.063
4 0.897 0.482 0.0375 0.058
5 0.892 0.423 0.041 0.0575
9 0.825 0.5425 0.0825 0.063
9 0.818 0.4815 0.075 0.059
9 0.815 0.422 0.079 0.058
9 0.812 0.3635 0.0805 0.0565
6 0.885 0.3655 0.041 0.0575
7 0.8815 0.3075 0.041 0.055
0 0.9215 0.7335 0.0355 0.066
1 0.915 0.6715 0.0355 0.062
7 0.133 0.273 0.0495 0.063
6 0.128 0.3415 0.046 0.064
5 0.121 0.407 0.06 0.067
4 0.121 0.4735 0.0565 0.067
3 0.115 0.5435 0.0615 0.071
2 0.11 0.6155 0.065 0.0735
1 0.11 0.691 0.065 0.081
0 0.0995 0.7665 0.065 0.0775
9 0.232 0.28 0.087 0.064
9 0.3205 0.345 0.089 0.0605
9 0.3195 0.283 0.0905 0.058
9 0.411 0.287 0.0855 0.0655
9 0.492 0.291 0.0805 0.0605
9 0.5735 0.294 0.0855 0.0645
9 0.6505 0.2975 0.079 0.063
9 0.7385 0.4795 0.07 0.0605
9 0.737 0.422 0.0805 0.063
9 0.732 0.3635 0.08 0.059
9 0.732 0.302 0.0805 0.0615
9 0.8055 0.305 0.0805 0.0555
9 0.661 0.5435 0.0855 0.0685
9 0.66 0.4775 0.077 0.059
9 0.6555 0.4185 0.0825 0.062
9 0.653 0.359 0.077 0.0555
9 0.5735 0.4165 0.0825 0.063
9 0.572 0.3565 0.0785 0.058
9 0.4915 0.354 0.0685 0.0605
9 0.4125 0.413 0.089 0.063
9 0.4095 0.35 0.082 0.063
9 0.227 0.409 0.094 0.068
9 0.2285 0.343 0.0905 0.0615
9 0.321 0.4095 0.0975 0.0645
9 0.495 0.479 0.0785 0.0645
9 0.492 0.416 0.077 0.059
9 0.5785 0.609 0.0855 0.0705
9 0.5805 0.543 0.0825 0.062
9 0.577 0.4795 0.0785 0.058
9 0.411 0.5415 0.0925 0.0645
9 0.4095 0.4775 0.0925 0.062
9 0.3175 0.4775 0.087 0.0645
9 0.2245 0.4755 0.0955 0.063
9 0.222 0.545 0.094 0.0685
9 0.317 0.5415 0.089 0.0645
9 0.4975 0.5425 0.0805 0.063
9 0.747 0.605 0.077 0.0625
9 0.7445 0.543 0.086 0.062
9 0.6615 0.6065 0.0835 0.065
9 0.4965 0.6095 0.0785 0.064
9 0.4065 0.6095 0.087 0.0665
9 0.316 0.6105 0.087 0.0675
9 0.221 0.615 0.0925 0.0665
9 0.215 0.69 0.0905 0.076
9 0.315 0.686 0.0925 0.0735
9 0.41 0.682 0.0945 0.0685
9 0.4975 0.6785 0.0875 0.066
9 0.584 0.676 0.089 0.0735
9 0.671 0.6775 0.0855 0.0695
9 0.754 0.6745 0.0875 0.066
9 0.836 0.6705 0.077 0.063
9 0.8355 0.738 0.0715 0.067
9 0.754 0.7415 0.077 0.0685
9 0.6695 0.743 0.082 0.067
9 0.5865 0.7475 0.0835 0.071
9 0.493 0.752 0.089 0.075
9 0.406 0.756 0.0925 0.075
9 0.3115 0.758 0.0925 0.0735
9 0.2125 0.7605 0.0925 0.076