9 0.5217711800984814 0.4519254639763821 0.08140650565339774 0.06772382002035636
9 0.42851621022040776 0.5295206889509368 0.07719687453626557 0.06358413694238925
9 0.6199475383076306 0.37300484284928626 0.0792492823155485 0.06465397848137286
9 0.3855721255523183 0.7481175070136364 0.08040650565339774 0.06768889925086455
9 0.4653455395737838 0.47041751973060664 0.07714446675698242 0.06258413694238936
9 0.5853122127527143 0.7406191212967319 0.08245891343268068 0.06875874078984816
9 0.3332874442319756 0.6075460723865078 0.08045891343268068 0.06868889925086455
9 0.7549921324275773 0.5309397805747382 0.08245891343268068 0.06875874078984816
9 0.35161959041007096 0.6526048046983758 0.07614446675698242 0.06254921617289756
9 0.5603752510160528 0.6933334039831675 0.08361613677052993 0.07179366155933985
9 0.39353534509170773 0.4429556054814384 0.07709205897769948 0.061584136942389366
9 0.645842668835978 0.7242667486204744 0.08666854454981285 0.07289842386781492
9 0.6568759956570475 0.45863976785776805 0.0802492823155485 0.06468889925086455
9 0.5042923871535061 0.7088429201221379 0.08145891343268068 0.06872382002035647
9 0.4679184636801832 0.6147429158831478 0.07930169009483165 0.06565397848137264
9 0.6754361631825803 0.660419134013702 0.08772095232909578 0.07393334463730662
9 0.7197152108534844 0.5910953309493059 0.08761613677052991 0.07193334463730662
9 0.6402010728168014 0.4166334167001377 0.08545891343268068 0.06886350309832336
9 0.48806505653397675 0.6658540293492535 0.08156372899124677 0.07072382002035647
9 0.6195990740829546 0.5187254766933522 0.0812492823155485 0.06472382002035647
9 0.37210895992601534 0.7007333785492272 0.07951132121196383 0.06965397848137286
9 0.7408880075969194 0.6427413651849033 0.08651132121196384 0.06989842386781493
9 0.5615481016725744 0.3919270570645273 0.08545891343268068 0.06886350309832336
9 0.6199319109889581 0.6774461105374182 0.08351132121196383 0.06979366155933986
9 0.28315786015267086 0.47952701891361676 0.07619687453626557 0.06354921617289756
9 0.5060438494789522 0.40895403358824356 0.07714446675698253 0.06258413694238936
9 0.38787030809452233 0.5919841750932999 0.0812492823155485 0.06472382002035647
9 0.40817625038297617 0.6366127489441512 0.08051132121196383 0.06968889925086455
9 0.35573221962797325 0.5025238539322767 0.07814446675698242 0.06261905771188106
9 0.5792754322921037 0.4349683289916494 0.07919687453626557 0.06365397848137286
9 0.6340622397092575 0.5661445259272532 0.08556372899124676 0.07086350309832323
9 0.4246394160092791 0.6841016397170359 0.07840650565339774 0.06761905771188094
9 0.5240699994555073 0.7624365732034976 0.08356372899124699 0.07079366155933985
9 0.6775509184972937 0.5007858020933653 0.086563728991247 0.07089842386781504
9 0.44882215250886154 0.5741492628017881 0.08145891343268068 0.06872382002035647
9 0.48449425852438843 0.5120111728119663 0.08340650565339774 0.06779366155933986
9 0.6528419781080698 0.6102207186238671 0.08345891343268068 0.06879366155933986
9 0.5453072698311837 0.6438968943645207 0.07940650565339774 0.06765397848137286
9 0.52000132754273 0.5990937166662105 0.08140650565339774 0.06772382002035625
9 0.44341915440809143 0.7281778324136496 0.08156372899124677 0.07072382002035647
9 0.5963455395737838 0.47499214053402555 0.08440650565339775 0.06782858232883154
9 0.598259114245523 0.6257826159170751 0.08361613677052993 0.07179366155933985
9 0.699179121120782 0.39922866286964254 0.07919687453626557 0.06365397848137286
9 0.7038469210296002 0.7073270740204876 0.0855113212119636 0.06986350309832323
9 0.5615948218893323 0.5356651512933391 0.08235409787411481 0.06675874078984816
9 0.46632991225511133 0.7748937081882304 0.08045891343268068 0.06868889925086455
9 0.37251195802678544 0.5465302050899071 0.0782492823155485 0.06461905771188117
9 0.6989092685650306 0.5464492967137087 0.08545891343268068 0.06886350309832323
9 0.3002541713239925 0.520050830455993 0.07724928231554849 0.06458413694238925
9 0.5442888796008786 0.49114133975096297 0.07714446675698264 0.06258413694238925
9 0.5818483563985031 0.5792937251441906 0.08130169009483143 0.06572382002035647
9 0.5043002008128422 0.5566222862780719 0.07719687453626557 0.06358413694238925
9 0.6807945671634036 0.35316993055777457 0.08977336010837894 0.07500318617629023
9 0.8107874442319756 0.6242207398188173 0.08561613677052991 0.07186350309832323
9 0.7172492284024621 0.43928739518151055 0.08656372899124676 0.07089842386781504
9 0.7702987654439394 0.6896842259611805 0.08866854454981285 0.07296826540679854
9 0.7343696173666142 0.48979374633914086 0.08230169009483143 0.06575874078984816
9 0.411762675711237 0.4860143377933064 0.08135409787411459 0.06672382002035625
9 0.40298288339933824 0.7946413185560127 0.08161613677052981 0.07172382002035647
9 0.3382145201255761 0.46348258200515463 0.08340650565339763 0.06779366155933986
9 0.44753959728532994 0.42587624780348454 0.08445891343268068 0.06882858232883154
9 0.7821670552678236 0.573312799812032 0.08640650565339775 0.06789842386781493
9 0.31698150194352176 0.5630571816136234 0.07303965119841643 0.06044445386442226
9 0.83327681374792 0.6724191552086523 0.0865113212119636 0.06989842386781493