9 0.3835 0.737 0.0885 0.0715
9 0.7705 0.432 0.073 0.054
9 0.467 0.3645 0.077 0.059
9 0.546 0.3675 0.0765 0.057
9 0.1975 0.7425 0.098 0.075
9 0.4685 0.479 0.0785 0.0585
9 0.469 0.7335 0.0855 0.0715
9 0.2095 0.603 0.093 0.067
9 0.7755 0.487 0.073 0.054
9 0.797 0.726 0.0775 0.0655
9 0.3065 0.3575 0.083 0.06
9 0.4685 0.6015 0.081 0.064
9 0.292 0.74 0.093 0.0735
9 0.5475 0.4275 0.076 0.0575
9 0.634 0.6645 0.0805 0.0645
9 0.3025 0.476 0.088 0.0615
9 0.63 0.6015 0.079 0.0625
9 0.214 0.54 0.0915 0.0605
9 0.2985 0.603 0.0905 0.068
9 0.3855 0.668 0.086 0.068
9 0.6195 0.373 0.0755 0.056
9 0.7065 0.543 0.0765 0.0575
9 0.7855 0.602 0.0745 0.06
9 0.766 0.378 0.0705 0.055
9 0.6985 0.431 0.0745 0.056
9 0.638 0.73 0.0815 0.0675
9 0.7115 0.6015 0.078 0.0605
9 0.544 0.315 0.0755 0.056
9 0.2205 0.4135 0.0865 0.0615
9 0.2275 0.296 0.084 0.058
9 0.6245 0.482 0.077 0.058
9 0.466 0.3085 0.0755 0.0555
9 0.388 0.6025 0.0845 0.0665
9 0.6215 0.4285 0.076 0.0555
9 0.204 0.671 0.093 0.0715
9 0.5545 0.666 0.0825 0.065
9 0.304 0.4185 0.086 0.0615
9 0.2945 0.669 0.092 0.0695
9 0.4675 0.424 0.0785 0.058
9 0.6955 0.3755 0.074 0.0545
9 0.469 0.6665 0.0855 0.067
9 0.7615 0.325 0.071 0.0525
9 0.791 0.662 0.076 0.062
9 0.224 0.3545 0.0855 0.061
9 0.5555 0.731 0.0845 0.0685
9 0.4685 0.5415 0.08 0.0575
9 0.7205 0.7275 0.0825 0.067
9 0.781 0.5425 0.074 0.0565
9 0.3885 0.541 0.081 0.059
9 0.3095 0.301 0.0825 0.057
9 0.7155 0.6635 0.079 0.0645
9 0.5505 0.5415 0.0785 0.058
9 0.617 0.318 0.075 0.054
9 0.3895 0.4225 0.081 0.0595
9 0.6915 0.322 0.072 0.055
9 0.39 0.477 0.081 0.0585
9 0.549 0.4805 0.0785 0.057
9 0.39 0.3045 0.078 0.0575
9 0.389 0.3605 0.081 0.059
9 0.216 0.474 0.0895 0.063
9 0.301 0.54 0.089 0.0585
9 0.7025 0.4855 0.076 0.055
9 0.6275 0.541 0.079 0.058
9 0.5515 0.6015 0.0825 0.064