9 0.28504133551197286 0.4926779574007623 0.09254921617289756 0.07457095584353954
9 0.26111277013910156 0.5372328532450927 0.10068889925086455 0.07871059636296536
9 0.7066603720289036 0.4175876324627907 0.09454921617289756 0.07460586597339602
9 0.6665127659001114 0.5128283371384131 0.09558413694238925 0.07562332103832432
9 0.5530794424577549 0.5843035496067399 0.09454921617289756 0.07460586597339602
9 0.3570302050899071 0.3505219974002351 0.09454921617289756 0.07460586597339602
9 0.5565095797238212 0.42496064519109394 0.08840953309493056 0.07050113558382667
9 0.3995095797238212 0.4222201999973638 0.09347937463391418 0.07258841090846772
9 0.5052572112865537 0.5170093441525061 0.08940953309493056 0.07051859064875499
9 0.27007782817465953 0.37898595168655197 0.08947937463391406 0.07251859064875497
9 0.33341594783741174 0.5614808903874604 0.09458413694238936 0.07560586597339602
9 0.3916143632272467 0.5824845566208328 0.09572382002035625 0.07962332103832433
9 0.20196673590350422 0.5177117319467921 0.08740953309493056 0.07048368051889838
9 0.5318429413170882 0.634402083113391 0.10079366155933986 0.08171059636296536
9 0.3204524193051481 0.29041979766021153 0.08737461232543887 0.0694836805188985
9 0.5111064401764215 0.6845093441525061 0.09258413694238936 0.07557095584353965
9 0.7111143632272467 0.5880614498653983 0.09568889925086455 0.07862332103832433
9 0.6162079951136561 0.4459904940218588 0.09351429540340586 0.07358841090846772
9 0.3513445132102831 0.5168212641535606 0.09261905771188106 0.07657095584353965
9 0.4647603762678938 0.4448460516852338 0.09240953309493057 0.07057095584353965
9 0.42028100163397963 0.37311293895824865 0.09040953309493056 0.07053604571368316
9 0.6400143377933064 0.3979355981775283 0.09033969155594718 0.06853604571368317
9 0.31529529703738546 0.4432365194784653 0.09554921617289756 0.07462332103832432
9 0.30780166938996617 0.6150008761019344 0.09872382002035625 0.07967568623310899
9 0.36848262439505514 0.6355481799976274 0.09258413694238925 0.07557095584353965
9 0.6469397805747383 0.7393483228528872 0.09168889925086478 0.07855350077861135
9 0.1770032497611411 0.5612491727261942 0.09061905771188106 0.07653604571368305
9 0.5064778239356694 0.3516315296070036 0.09037461232543888 0.06953604571368316
9 0.46469051353396 0.285442054542339 0.08930477078645527 0.06751859064875487
9 0.5760778493696098 0.5417311986974813 0.09361905771188117 0.07658841090846773
9 0.5967858020933654 0.6625192072687969 0.09165397848137286 0.07755350077861135
9 0.5744619990289693 0.7101002857105198 0.09582858232883154 0.08262332103832432
9 0.4417270273915969 0.32901440545159766 0.09551429540340586 0.07362332103832421
9 0.6854762520424745 0.4691861659694417 0.09040953309493056 0.07053604571368316
9 0.6397588043746989 0.562330867787959 0.09451429540340586 0.07360586597339602
9 0.7231063977865209 0.3734018236314986 0.08940953309493056 0.07051859064875499
9 0.24809688164755056 0.42207575766073874 0.08537461232543887 0.06944877038904201
9 0.5294937124272204 0.46696317584063973 0.09454921617289756 0.07460586597339602
9 0.5952095882018014 0.4885977550609739 0.09347937463391418 0.07258841090846772
9 0.439838183247603 0.6612787620750668 0.10086350309832334 0.08371059636296536
9 0.5747111600949962 0.37380974648965826 0.09154921617289756 0.07455350077861135
9 0.37756355396620395 0.4663100059715507 0.08944445386442226 0.07151859064875497
9 0.7908222735611018 0.3950713129816892 0.09658413694238925 0.07564077610325239
9 0.46295246169504867 0.6077151386982721 0.09058413694238925 0.07553604571368305
9 0.33277624356449453 0.4000681657121014 0.09240953309493057 0.07057095584353965
9 0.5902270273915969 0.331606482593438 0.08637461232543865 0.06946622545397031
9 0.44240165243400587 0.4914271301269566 0.09461905771188117 0.07660586597339603
9 0.2964016312390556 0.331474693504542 0.08826985001696358 0.06650113558382668
9 0.6862730997781048 0.6350988906448006 0.09158413694238925 0.07555350077861135
9 0.668658821330659 0.6887585168787004 0.09282858232883154 0.08257095584353966
9 0.4828111855289365 0.5610904225942288 0.09361905771188106 0.07658841090846773
9 0.2259127616611214 0.4736568361024616 0.09251429540340586 0.07357095584353965
9 0.41754292860011805 0.5379645709063589 0.09247937463391406 0.07257095584353965
9 0.2364635709221642 0.589770294024495 0.08947937463391406 0.07251859064875497
9 0.6104873824645404 0.6112897607751843 0.08461905771188094 0.07643131532411371
9 0.3945794000678544 0.26672892752982785 0.08951429540340587 0.07351859064875498
9 0.37856353277125365 0.3089234638935841 0.08630477078645538 0.06746622545397031
9 0.48611910010178166 0.39824751817858284 0.09554921617289756 0.07462332103832421
9 0.7287635624441842 0.5354018236314986 0.08844445386442248 0.07150113558382667
9 0.5288365477695574 0.30505045116528084 0.09454921617289756 0.07460586597339602
9 0.7704635497272139 0.4416873015532684 0.08833969155594695 0.06850113558382669
9 0.33524130160005244 0.24170780623152716 0.08937461232543888 0.06951859064875493
9 0.7502270485865472 0.4918032901248476 0.08954921617289756 0.07451859064875486
9 0.6604079823966861 0.3523196096059491 0.09758413694238925 0.0756582311681807