9 0.6721468009847336 0.42990695204091456 0.10230049708271735 0.08792275438240744
9 0.36478518358566975 0.32614920121008745 0.10225975020515284 0.08692275438240755
9 0.28544987259559934 0.3001599464725218 0.09201526893976643 0.08022348626297253
9 0.38356447875840943 0.27311766426090117 0.10001526893976644 0.08078290075852056
9 0.7711577938966796 0.7185255480859718 0.10746348459297496 0.09227238844212501
9 0.8535559712600498 0.4281336318146335 0.09605601581733071 0.08150319351074643
9 0.39908227766904314 0.4581770787564492 0.10113750957245964 0.08385282757046411
9 0.575572941699488 0.4580541244704506 0.10225975020515284 0.08692275438240755
9 0.5167443921508243 0.6294389548821789 0.10334124396028165 0.08899268119435101
9 0.693405722718691 0.3765502321215871 0.09809676269489523 0.08264304713463344
9 0.35730891546651483 0.5709254820010761 0.10638199083784616 0.09020246163018146
9 0.44012049457574015 0.35185874869987893 0.09709676269489523 0.08257312032268999
9 0.4811994583600017 0.24654041864330867 0.09797452206220192 0.07964304713463355
9 0.6545916136385983 0.4885084158020444 0.10013750957245975 0.08378290075852056
9 0.32786920731166597 0.43574723851443176 0.10438199083784616 0.09006260800629456
9 0.4977095782434711 0.6884355284253934 0.11054497834810377 0.0944821688779557
9 0.537214727299768 0.32424653967631467 0.09501526893976643 0.08043326669880298
9 0.24591165568890233 0.4065831667470074 0.10213750957245964 0.08392275438240757
9 0.37644559656777893 0.5144289084578615 0.10742273771541044 0.09127238844212503
9 0.27843285759888 0.5439711906694822 0.10846348459297496 0.09234231525406858
9 0.5573751402818772 0.5131206248256086 0.10009676269489523 0.08278290075852056
9 0.543442193568435 0.5749668324285406 0.10842273771541044 0.09134231525406858
9 0.34100588841293017 0.3788311040995561 0.10109676269489523 0.08285282757046411
9 0.5144150586882462 0.3764983693777269 0.10225975020515284 0.08692275438240744
9 0.7380084183837976 0.516777377787384 0.10734124396028165 0.08927238844212503
9 0.6632061752441273 0.7488685621781573 0.10662647210323258 0.09620246163018147
9 0.46104576226201804 0.5472677972551446 0.10021900332758844 0.08578290075852056
9 0.6026408234572413 0.6573827338973772 0.11058572522566829 0.0954821688779557
9 0.7515024854135863 0.4563962067784802 0.10013750957245975 0.08378290075852056
9 0.2291323605161627 0.45975455732008075 0.10950423147053936 0.09341224206601215
9 0.49685987134211085 0.43509983313885675 0.09709676269489523 0.08257312032268999
9 0.5948522368722277 0.4050575509272361 0.10005601581733072 0.08178290075852056
9 0.7197087497722757 0.5693438781425421 0.10321900332758832 0.08599268119435101
9 0.6188386248748521 0.6021763799183323 0.10430049708271735 0.08806260800629434
9 0.6127333992388783 0.35445608716610627 0.10025975020515285 0.08678290075852055
9 0.5524736490337254 0.2704702588853261 0.09717825645002404 0.08457312032268999
9 0.5772078767437993 0.718424783162959 0.10238199083784594 0.08992275438240745
9 0.7871722343652506 0.6588191941069267 0.10430049708271735 0.08806260800629456
9 0.8343174229648745 0.482130205357848 0.10021900332758832 0.08578290075852056
9 0.4785398292918068 0.4871663334940148 0.10530049708271735 0.08813253481823813
9 0.41373165318192523 0.658631603034082 0.10230049708271724 0.08792275438240768
9 0.2527554296200514 0.599013239935064 0.10634124396028165 0.08920246163018146
9 0.30521215277161956 0.491499068215844 0.10221900332758845 0.08592275438240744
9 0.8673556398715715 0.37525246080572966 0.09309676269489524 0.08229341307491597
9 0.7875814491978478 0.3507282426621923 0.09593377518463762 0.07850319351074654
9 0.33421298124281495 0.6281423482965165 0.10858572522566806 0.09534231525406858
9 0.440225720211714 0.5991594805804439 0.10842273771541044 0.09134231525406858
9 0.7091850178914306 0.32330891473657025 0.10017825645002404 0.08478290075852056
9 0.2664668430350377 0.34819148342170814 0.10430049708271724 0.08806260800629456
9 0.7753836477802369 0.4062143038890114 0.10117825645002404 0.084852827570464
9 0.6812206157126982 0.6893020618229994 0.10642273771541044 0.09120246163018146
9 0.8178233559350857 0.5423015959309213 0.09605601581733071 0.08150319351074654
9 0.6277885865850137 0.29567980637511765 0.09397452206220214 0.07936333988685942
9 0.6347715715882942 0.5404700259392871 0.10530049708271735 0.08813253481823813
9 0.4003234004923668 0.21944627368782785 0.09813750957245963 0.08364304713463343
9 0.41878007908665393 0.40321546861920643 0.09930049708271736 0.087712973946577
9 0.20405679973124513 0.5173315699916342 0.10017825645002404 0.08478290075852056
9 0.32198808950229635 0.1935269457622058 0.09497452206220192 0.07943326669880298
9 0.31026991464590337 0.24854797039499663 0.10125975020515283 0.086852827570464
9 0.46256277725873746 0.303071955592495 0.09813750957245963 0.08364304713463343
9 0.17123675768094107 0.5683841315736113 0.1065042314705393 0.09320246163018146
9 0.8020848076399105 0.5965429133159382 0.10134124396028164 0.0888528275704639
9 0.7023165499363979 0.6319453419036718 0.10550423147053925 0.09313253481823813
9 0.7461026065505444 0.7766025607575252 0.10238199083784594 0.08992275438240767