8 0.795236132 0.048428737 0.030266861 0.314195224 0.09990238600000001 0.878803568 0.950845628 0.62777447 0.795236132 0.048428737
10 0.728197866 0.12231097699999999 0.109692443 0.334381374 0.16837539899999998 0.8044605149999999 0.8484637279999999 0.600509682 0.728197866 0.12231097699999999
9 0.196489392 0.417957742 0.18671974900000002 0.365281601 0.11542651 0.39040727 0.12321724299999999 0.44136977 0.196489392 0.417957742
9 0.118073919 0.388443126 0.187035323 0.366381827 0.18157642400000001 0.312354957 0.10862635 0.33689892 0.118073919 0.388443126
9 0.265630903 0.339936905 0.25682936 0.283780304 0.175393255 0.312113171 0.18649766 0.364239083 0.265630903 0.339936905
9 0.341228385 0.3134288 0.32979143800000005 0.259231795 0.25551707 0.285265145 0.265630903 0.339936905 0.341228385 0.3134288
9 0.417270043 0.289005729 0.408715688 0.23388289399999998 0.33420613600000004 0.258877931 0.348624215 0.312167254 0.417270043 0.289005729
9 0.511043453 0.31903539200000003 0.501398965 0.25872723999999997 0.42278694899999997 0.28611996 0.429040714 0.344259194 0.511043453 0.31903539200000003
9 0.496403286 0.264703551 0.48620494999999997 0.208994881 0.409803619 0.232369824 0.41892688 0.289587434 0.496403286 0.264703551
9 0.57674919 0.238898043 0.566119734 0.181098764 0.488714773 0.207025129 0.49905069500000004 0.262739408 0.57674919 0.238898043
9 0.659298325 0.209043354 0.644213982 0.15262647799999998 0.567181751 0.179595397 0.577739761 0.236352194 0.659298325 0.209043354
9 0.742069548 0.18023118500000002 0.730254261 0.12392386000000001 0.648074051 0.149159003 0.660733074 0.20858254199999998 0.742069548 0.18023118500000002
9 0.204300007 0.476589266 0.28686774200000004 0.453573231 0.272431064 0.393445255 0.195620922 0.421456693 0.204300007 0.476589266
9 0.275522648 0.393566148 0.265959572 0.34103292599999996 0.188376585 0.365863307 0.198046242 0.418450031 0.275522648 0.393566148
9 0.353887407 0.37285233799999995 0.342782158 0.313015423 0.26728773899999997 0.340518611 0.277623661 0.39623289 0.353887407 0.37285233799999995
9 0.432354386 0.34542260599999997 0.42192863199999997 0.288709685 0.345754718 0.31308887900000004 0.35322114299999996 0.369724783 0.432354386 0.34542260599999997
9 0.5892883430000001 0.29056314200000005 0.5781199189999999 0.23742960800000001 0.497171771 0.261115184 0.5122561130000001 0.317532061 0.5892883430000001 0.29056314200000005
9 0.6708469069999999 0.263254302 0.658803012 0.20594310999999998 0.576305014 0.236813007 0.5911672680000001 0.292187366 0.6708469069999999 0.263254302
9 0.7538402190000001 0.23548465100000002 0.7418099939999999 0.178168377 0.660510986 0.207540023 0.669856335 0.26580015100000004 0.7538402190000001 0.23548465100000002
9 0.204629069 0.47775758100000004 0.198268331 0.419492549 0.12101401099999999 0.44541895 0.127045687 0.502515667 0.204629069 0.47775758100000004
9 0.280785841 0.454251232 0.36534753999999997 0.42613799999999996 0.352999055 0.36868226499999995 0.276957396 0.393105335 0.280785841 0.454251232
9 0.44350347900000003 0.404379481 0.429262802 0.345301713 0.353887407 0.37285233799999995 0.361353832 0.429488241 0.44350347900000003 0.404379481
9 0.523418264 0.376483363 0.513690861 0.317071249 0.43069755099999996 0.34484089999999995 0.438608151 0.40356184 0.523418264 0.376483363
9 0.519944627 0.375210483 0.6058074339999999 0.346519206 0.589510431 0.29160566 0.511265542 0.32007790999999997 0.519944627 0.375210483
9 0.6007347049999999 0.35149001199999996 0.68678448 0.32289884 0.67416058 0.26441771399999997 0.589510431 0.29160566 0.6007347049999999 0.35149001199999996
9 0.758337363 0.234159719 0.67416058 0.26441771399999997 0.686153338 0.32071369800000005 0.772016146 0.29202242100000003 0.758337363 0.234159719
9 0.783226634 0.35099406299999997 0.769590825 0.295029083 0.686153338 0.32071369800000005 0.698146096 0.377009682 0.783226634 0.35099406299999997
9 0.682515357 0.325223691 0.606425246 0.34870863 0.6125053749999999 0.40674347699999996 0.694730203 0.38256219199999997 0.682515357 0.325223691
9 0.600290529 0.349404976 0.524186572 0.37289298200000004 0.531715296 0.43046395 0.611839111 0.403615924 0.600290529 0.349404976
9 0.52061089 0.378338038 0.44592900100000005 0.401371375 0.451369393 0.456269457 0.53238156 0.43359150399999996 0.52061089 0.378338038
9 0.440264988 0.404143546 0.36534753999999997 0.42613799999999996 0.369810829 0.48357829700000005 0.452035658 0.459397012 0.440264988 0.404143546
9 0.365435989 0.427063286 0.287636051 0.44998284899999996 0.29498183099999997 0.506498037 0.37124557700000005 0.483117485 0.365435989 0.427063286
9 0.281007929 0.45529375 0.21059124099999998 0.47695719000000003 0.219162261 0.531963624 0.296638668 0.507079742 0.281007929 0.45529375
9 0.207613679 0.477752677 0.1324353 0.49871571 0.135724773 0.55764824 0.211544344 0.532182651 0.207613679 0.477752677
9 0.221676731 0.593766881 0.21364535699999998 0.534849394 0.13926053400000002 0.5598541699999999 0.143857463 0.617411698 0.221676731 0.593766881
9 0.30333660900000003 0.5673040130000001 0.29389629 0.508157251 0.21364535699999998 0.534849394 0.219677034 0.59194611 0.30333660900000003 0.5673040130000001
9 0.382247763 0.5419593170000001 0.371830005 0.485355566 0.290899675 0.508922992 0.299032364 0.568686451 0.382247763 0.5419593170000001
9 0.463806327 0.514650478 0.45218924 0.459545775 0.37124557700000005 0.483117485 0.383238335 0.539413468 0.463806327 0.514650478
9 0.545809067 0.489426675 0.535196222 0.431771044 0.45468306599999997 0.45743286899999996 0.464028416 0.515692997 0.545809067 0.489426675
9 0.625488706 0.46049361299999997 0.616768218 0.4044572 0.533372133 0.431045655 0.543930142 0.487802452 0.625488706 0.46049361299999997
9 0.7114713829999999 0.439560776 0.698562439 0.37818652100000005 0.613718035 0.405240147 0.627589717 0.46316035499999997 0.7114713829999999 0.439560776
9 0.797556279 0.411912017 0.7848838459999999 0.35157633800000004 0.698590272 0.379094718 0.713896702 0.43655411299999997 0.797556279 0.411912017
9 0.8166241909999999 0.471782945 0.802082611 0.41157209699999997 0.714118791 0.437596632 0.729425221 0.49505602800000004 0.8166241909999999 0.471782945
9 0.714340879 0.43863915 0.62513012 0.465300203 0.643784501 0.524789824 0.727444078 0.500147726 0.714340879 0.43863915
9 0.6239517379999999 0.467670347 0.550288604 0.488223273 0.560124926 0.549431919 0.639702345 0.52721478 0.6239517379999999 0.467670347
9 0.547687991 0.49105089900000004 0.46418942399999996 0.51587662 0.47668743799999996 0.575116535 0.557255429 0.550353545 0.547687991 0.49105089900000004
9 0.462593667 0.5161538090000001 0.383607963 0.540643247 0.396119446 0.599879526 0.475474777 0.576619866 0.462593667 0.5161538090000001
9 0.386552008 0.5405768799999999 0.30159151500000003 0.565870762 0.312904046 0.626606659 0.394684698 0.600340338 0.386552008 0.5405768799999999
9 0.300467112 0.568225638 0.225759465 0.591341049 0.232558143 0.6524121669999999 0.313126134 0.627649177 0.300467112 0.568225638
9 0.22464754199999998 0.593691227 0.147057442 0.6177331149999999 0.15364698799999998 0.6777568629999999 0.232558143 0.6524121669999999 0.22464754199999998 0.593691227
9 0.240279973 0.717078326 0.232780232 0.653454686 0.15364698799999998 0.6777568629999999 0.16177967699999998 0.737520321 0.240279973 0.717078326
9 0.32284250400000003 0.687217266 0.31334822300000004 0.628691695 0.232558143 0.6524121669999999 0.238709689 0.717267325 0.32284250400000003 0.687217266
9 0.392192091 0.6025294139999999 0.312681958 0.6255641409999999 0.321925088 0.6905401910000001 0.40392782699999996 0.665316389 0.392192091 0.6025294139999999
9 0.47950403199999997 0.573372014 0.390380453 0.601722777 0.401058332 0.666238014 0.488355888 0.637085924 0.47950403199999997 0.573372014
9 0.5576599710000001 0.5516134939999999 0.473817941 0.5760381609999999 0.49023481199999996 0.6387101470000001 0.572783948 0.60885546 0.5576599710000001 0.5516134939999999
9 0.642324165 0.524421036 0.558912265 0.550935251 0.5674891310000001 0.612783746 0.652583454 0.587680836 0.642324165 0.524421036
9 0.7303027839999999 0.49839312799999996 0.642127665 0.524208117 0.65446238 0.58930506 0.74363886 0.561777194 0.7303027839999999 0.49839312799999996
9 0.813754218 0.472704723 0.734617819 0.497843663 0.7434167730000001 0.5607346750000001 0.83303743 0.535291847 0.813754218 0.472704723
9 0.241270508 0.714531109 0.162001766 0.73856284 0.169365971 0.801914666 0.24948978700000002 0.77506664 0.241270508 0.714531109
9 0.32207419499999995 0.690807646 0.24113500999999998 0.714260663 0.251146623 0.7756483449999999 0.33094613 0.7544737229999999 0.32207419499999995 0.690807646
9 0.40243343 0.6649978559999999 0.32578515700000005 0.687072717 0.33193670200000003 0.751927873 0.411069946 0.727625695 0.40243343 0.6649978559999999
9 0.48687539900000004 0.6367622350000001 0.40326156300000005 0.6621888340000001 0.414827795 0.730874144 0.500468514 0.701140349 0.48687539900000004 0.6367622350000001
9 0.5762890039999999 0.6102734369999999 0.487365316 0.639631773 0.500468514 0.701140349 0.5884323349999999 0.675115814 0.5762890039999999 0.6102734369999999
9 0.655897128 0.588844248 0.569368055 0.61440797 0.583359607 0.680086619 0.6675655779999999 0.650813636 0.655897128 0.588844248
9 0.671101338 0.6530195660000001 0.761941497 0.625319606 0.744305125 0.564904749 0.657776052 0.590468472 0.671101338 0.6530195660000001
9 0.8501205650000001 0.6010913870000001 0.831837166 0.5359982099999999 0.7469525340000001 0.562940606 0.7629252289999999 0.623527556 0.8501205650000001 0.6010913870000001