9 0.5666848624352058 0.3703272803160362 0.083734498523394 0.06029866523084274
9 0.7284705649323071 0.37152645037655657 0.08589775709316609 0.06235685928731982
9 0.4059807892229906 0.3681572072837544 0.082734498523394 0.06026956820260421
9 0.7288176956937994 0.4286719355177491 0.086734498523394 0.06038595631555836
9 0.3243583452956614 0.3672857994823154 0.08481612780828005 0.061327762259081285
9 0.7273187684575756 0.7478848127095927 0.09279567922691331 0.07353144145675082
9 0.3300112145341692 0.31031489651055394 0.08157123995362167 0.05824047117436566
9 0.7279203512020856 0.6115792939130883 0.08938753280248284 0.06844415037203544
9 0.6387471159025013 0.6786496920551723 0.09346916208736888 0.06956053848498936
9 0.31808303212982436 0.42574215393995757 0.08581612780828005 0.06135685928731982
9 0.11855326698096955 0.6720337858852632 0.09238753280248278 0.06853144145675083
9 0.13792018616150462 0.5452956591394099 0.08981612780828005 0.061473247400273975
9 0.6395938340625412 0.613018755428099 0.09463242065714121 0.0715896355132279
9 0.6401140350830364 0.5513878188010256 0.09097938637805236 0.06350234442851252
9 0.2928389694780709 0.673596668798765 0.0916324206571411 0.07150234442851251
9 0.39547097753375954 0.48462811025551594 0.08597938637805237 0.06335685928731982
9 0.1631542720834461 0.3651011779359143 0.08681612780828005 0.06138595631555836
9 0.728338309315747 0.48980287214482243 0.08906101566293818 0.06444415037203544
9 0.7288695598298307 0.6797684245966388 0.09363242065714121 0.07156053848498936
9 0.24527671601077525 0.3659871342514726 0.08581612780828005 0.06135685928731982
9 0.40074629069959655 0.4261426587696352 0.08589775709316609 0.06235685928731982
9 0.5491963245302465 0.744205541683137 0.0949589377966854 0.0755896355132279
9 0.2524295852492831 0.30905987682206887 0.08657123995362179 0.05838595631555836
9 0.37445143667558817 0.742128110255516 0.09487730851179936 0.0745896355132279
9 0.11104329025115763 0.7394755918287863 0.09695893779668546 0.07564782956970476
9 0.46007388060291726 0.7431159061699091 0.09387730851179936 0.07456053848498959
9 0.5606750507459749 0.48692911991487103 0.08797938637805237 0.06341505334379678
9 0.284828992748259 0.7410239262281688 0.09487730851179936 0.0745896355132279
9 0.17484795596439698 0.30780485713358396 0.08457123995362179 0.05832776225908128
9 0.7277772936528086 0.5519338087718958 0.09006101566293842 0.06447324740027374
9 0.1992065488209298 0.7400361303137756 0.09587730851179936 0.07461873254146645
9 0.3858489462078828 0.6086426587696351 0.09038753280248284 0.06847324740027398
9 0.20821652555074177 0.6726379699126104 0.09646916208736889 0.06964782956970499
9 0.30620588865860593 0.5466839598834806 0.0878977570931662 0.0624150533437969
9 0.3007265022805537 0.6076694113693614 0.09138753280248273 0.06850234442851251
9 0.4872152877463845 0.31238312994400086 0.08357123995362178 0.05829866523084275
9 0.5527471159025014 0.6761473476266598 0.09346916208736888 0.06956053848498936
9 0.5688377316737137 0.31325453774544 0.084734498523394 0.060327762259081284
9 0.647041804885929 0.31302410594804414 0.08465286923850772 0.05932776225908128
9 0.21652242906833843 0.6077252609973259 0.09355079137225498 0.0705605384849896
9 0.555012204777655 0.6115600565419442 0.08946916208736888 0.06944415037203544
9 0.3790022280478431 0.6740990132272774 0.09246916208736888 0.06953144145675083
9 0.641838309315747 0.48728597920219086 0.0898977570931661 0.062473247400273865
9 0.3903283325859351 0.5476281102555159 0.08681612780828005 0.06138595631555836
9 0.1548789589176091 0.42349933833707953 0.08789775709316615 0.06241505334379679
9 0.23176690432154431 0.48237074613851855 0.09006101566293842 0.06447324740027387
9 0.644072807839141 0.42921323663159455 0.08781612780828005 0.0614150533437969
9 0.5630319931966978 0.42735637734427473 0.08765286923850772 0.059415053343796896
9 0.47878710534203966 0.4279122269722394 0.0858977570931662 0.06235685928731982
9 0.12789998514100925 0.6066501739982173 0.09355079137225498 0.0705605384849896
9 0.4640838573327292 0.6755722606275513 0.09155079137225494 0.07050234442851229
9 0.14656283110932905 0.48239749873824467 0.08906101566293836 0.06444415037203532
9 0.645848121004978 0.370625945546879 0.08581612780828005 0.06135685928731982
9 0.7286642488132581 0.31389551374948327 0.08665286923850794 0.05938595631555836
9 0.6384003977424618 0.7442951771963648 0.09771404994202704 0.07267692659794352
9 0.4825624185078766 0.36938312994400085 0.08581612780828005 0.06135685928731982
9 0.4100928438190553 0.31164265876963515 0.08365286923850783 0.05929866523084274
9 0.5580732204405935 0.5495018624854674 0.08881612780828005 0.06144415037203544
9 0.22404263008883374 0.5462980035679222 0.09181612780828004 0.061531441456750824
9 0.47901179217620254 0.486557712113432 0.08806101566293842 0.0644150533437969
9 0.4731548497254795 0.5460286150851934 0.0888977570931661 0.06244415037203544
9 0.2390422174873813 0.42394348870911486 0.08889775709316615 0.06244415037203532
9 0.3118485336064304 0.4836985083975998 0.0888977570931662 0.06244415037203532
9 0.4721754633474272 0.6071450031981476 0.09046916208736888 0.06947324740027398