9 0.594547665474653 0.3925490584461548 0.08626985001696358 0.07185685993043261
9 0.7544365520085473 0.3881505586703743 0.08833969155594695 0.07402011850020472
9 0.43514131855601274 0.3964883728643783 0.08526985001696358 0.07177523064554657
9 0.766409575484831 0.44546685151923526 0.08826985001696358 0.07202011850020483
9 0.3544381450966925 0.39837640078860403 0.08630477078645526 0.07285685993043262
9 0.8294096178747316 0.7647115743333126 0.09475874078984817 0.08650989420952146
9 0.3484476612356629 0.3410498836490596 0.08420000847798008 0.06969360136066041
9 0.8027302347628374 0.6289157300658184 0.09154921617289756 0.08026500635486308
9 0.7279016736289561 0.6990894604871454 0.09558413694238925 0.08159152349440751
9 0.35998101011195976 0.45716210328570545 0.08830477078645538 0.07302011850020483
9 0.21276993479676465 0.7103871202010303 0.0945841369423893 0.08150989420952147
9 0.20681753668656683 0.5827646762737012 0.09230477078645538 0.07334663563974914
9 0.7156318236119925 0.6332731676382843 0.09665397848137286 0.08367315277929356
9 0.7034841962882501 0.5709568747894234 0.09337461232543864 0.07542826492463518
9 0.38512390056116735 0.706008986486326 0.09365397848137286 0.08342826492463541
9 0.4486921278170554 0.5132638510707964 0.08837461232543888 0.07502011850020472
9 0.19499687740856053 0.4013157152068276 0.08930477078645538 0.07310174778509099
9 0.7780048216543359 0.5062423297256532 0.09040953309493056 0.07618337706997703
9 0.8170699263187846 0.6968952814844516 0.09665397848137264 0.08367315277929356
9 0.27620005086788063 0.39946850192504496 0.08830477078645538 0.07302011850020472
9 0.4416492628017882 0.4543557046463658 0.08833969155594719 0.07402011850020483
9 0.6530207313408373 0.7677631909084724 0.09679366155933986 0.08767315277929356
9 0.27170956700685106 0.34226442871282975 0.08920000847798008 0.070101747785091
9 0.4801493051916887 0.7716005099807337 0.09675874078984804 0.08667315277929356
9 0.21910962635271175 0.7777136373405747 0.09982858232883154 0.08891804063395194
9 0.5648350182662629 0.7695389991960524 0.09579366155933985 0.0875915234944075
9 0.6120984747356958 0.5096510537921172 0.09037461232543888 0.07518337706997705
9 0.39148105250186027 0.7738355036258705 0.09775874078984816 0.08675478206417983
9 0.194988933162785 0.34397897377659986 0.08616508770848838 0.06885685993043263
9 0.7901524489780785 0.5685586225745143 0.09140953309493056 0.0762650063548631
9 0.3062953394272861 0.7758561997681087 0.09875874078984816 0.08683641134906589
9 0.4645048428492863 0.6377025878469865 0.09254921617289756 0.08034663563974936
9 0.30143818748659307 0.7081521265558934 0.09858413694238936 0.08183641134906589
9 0.3731889628357154 0.5783967668496802 0.08933969155594719 0.07410174778509099
9 0.380319129774712 0.6398049132741108 0.09354921617289756 0.08042826492463541
9 0.504371468539049 0.3373248667337347 0.08620000847798019 0.06985685993043261
9 0.6421635794001442 0.6995693419869405 0.09561905771188117 0.08259152349440751
9 0.5850746419983692 0.33543683880950903 0.08726985001696358 0.07193848921531867
9 0.6622603550729436 0.33276310838818196 0.08623492924747188 0.07085685993043261
9 0.2971508770848836 0.6424888679861213 0.09565397848137286 0.08359152349440752
9 0.6319286501526724 0.6349163077078517 0.09158413694238925 0.08126500635486308
9 0.4702921532509957 0.7034882903440879 0.09458413694238925 0.08150989420952147
9 0.6922841878102699 0.5072222112254484 0.09133969155594696 0.07426500635486309
9 0.4563921362950355 0.57671281213767 0.08930477078645538 0.07310174778509099
9 0.1985572028085736 0.46043815913415675 0.08933969155594707 0.07410174778509099
9 0.28626832051366924 0.5164582776343616 0.09140953309493056 0.0762650063548631
9 0.6827762435644945 0.44910999158880266 0.09030477078645527 0.07318337706997705
9 0.6020206889509366 0.4494980195130283 0.09023492924747188 0.07118337706997704
9 0.5193873570306 0.45322278886748185 0.08833969155594695 0.07402011850020483
9 0.20948262439505522 0.6448054909161443 0.09561905771188106 0.08259152349440751
9 0.5544953267103158 0.7018859649169635 0.09361905771188093 0.08242826492463541
9 0.20211752820858675 0.519560603061486 0.09140953309493056 0.0762650063548631
9 0.6727508389339731 0.39045695730971386 0.08730477078645527 0.07293848921531867
9 0.7429635285322636 0.33087508046395625 0.08923492924747188 0.071101747785091
9 0.7406540632611739 0.7644465679784495 0.10068889925086455 0.08499966991883798
9 0.5108619524000787 0.3946921985157222 0.08830477078645527 0.07302011850020483
9 0.4276682950797289 0.33953941179750485 0.08523492924747188 0.07077523064554657
9 0.6222810228289299 0.572804088071206 0.09130477078645527 0.07326500635486309
9 0.2920032497611411 0.580743980131463 0.09433969155594718 0.07450989420952146
9 0.5314302220458673 0.5125390817163428 0.08940953309493056 0.07610174778509099
9 0.5374905474458803 0.5718655988558873 0.09033969155594695 0.07418337706997705
9 0.281725455498402 0.45775420442214637 0.09033969155594707 0.07418337706997705
9 0.36598895435773526 0.5149886204252498 0.09133969155594707 0.07426500635486309
9 0.5491032540001312 0.6331410770623052 0.09258413694238925 0.08134663563974937