8 0.06286988 0.15474157600000002 0.024970698 0.82426499 0.93455108 0.836617821 0.9150051379999999 0.157225299 0.06286988 0.15474157600000002
10 0.10571243400000001 0.758794989 0.853809343 0.7699125360000001 0.843922599 0.222682144 0.135470879 0.219027698 0.10571243400000001 0.758794989
0 0.931255498 0.7674419699999999 0.929607708 0.6957955530000001 0.878526201 0.6957955530000001 0.880395794 0.770305097 0.931255498 0.7674419699999999
1 0.929607708 0.624149136 0.873582829 0.625384419 0.880395794 0.696142218 0.931255498 0.697030836 0.929607708 0.624149136
2 0.8719350389999999 0.626619702 0.927959917 0.627854985 0.9246643360000001 0.556208568 0.873803538 0.555232748 0.8719350389999999 0.626619702
3 0.873582829 0.554973285 0.926312127 0.557443851 0.9230165459999999 0.487032717 0.872155474 0.488486158 0.873582829 0.554973285
4 0.868639458 0.488268 0.9213687549999999 0.48579743400000003 0.9213687549999999 0.419092149 0.872155474 0.42173956700000004 0.868639458 0.488268
5 0.870287248 0.419092149 0.919720965 0.424033281 0.919720965 0.353622147 0.8705074100000001 0.353756928 0.870287248 0.419092149
6 0.866991667 0.353622147 0.918073174 0.353622147 0.919720965 0.28691686299999997 0.867211282 0.285774289 0.866991667 0.353622147
7 0.868639458 0.28568158 0.918073174 0.28568158 0.914777593 0.220211578 0.867211282 0.220263746 0.868639458 0.28568158
7 0.054630927 0.279505164 0.109008015 0.28074044800000003 0.113951387 0.218976295 0.06295606399999999 0.219027698 0.054630927 0.279505164
6 0.051335346000000004 0.348681016 0.10571243400000001 0.34991629799999996 0.109008015 0.28568158 0.061308 0.285774289 0.051335346000000004 0.348681016
5 0.052983137 0.411680451 0.102416853 0.410445168 0.104064644 0.351151582 0.056363808 0.351284832 0.052983137 0.411680451
4 0.049687556 0.414151017 0.048039765000000005 0.478385736 0.097473482 0.479621019 0.10250959899999999 0.414323279 0.049687556 0.414151017
3 0.044744184 0.480856302 0.043096393999999996 0.547561587 0.09253011 0.547561587 0.095917343 0.48106986999999996 0.044744184 0.480856302
2 0.038153022 0.616737438 0.09088231899999999 0.616737438 0.09253011 0.54879687 0.041531232 0.549052509 0.038153022 0.616737438
1 0.034857441 0.688383854 0.085938948 0.689619137 0.08923452899999999 0.617972721 0.039883168 0.620743292 0.034857441 0.688383854
0 0.034857441 0.6859132889999999 0.029914069 0.757559705 0.08429115699999999 0.760030272 0.089325087 0.6887259299999999 0.034857441 0.6859132889999999
9 0.1775 0.251 0.084 0.059
9 0.263 0.252 0.087 0.068
9 0.357 0.25 0.091 0.0615
9 0.443 0.253 0.081 0.063
9 0.5275 0.2495 0.0925 0.0605
9 0.6165 0.2505 0.086 0.0605
9 0.7055 0.3155 0.089 0.069
9 0.7095 0.251 0.094 0.059
9 0.7995 0.2515 0.086 0.063
9 0.8005 0.3165 0.094 0.0665
9 0.6165 0.317 0.0855 0.063
9 0.527 0.319 0.084 0.0665
9 0.4405 0.3165 0.082 0.064
9 0.352 0.315 0.087 0.068
9 0.263 0.315 0.087 0.063
9 0.175 0.315 0.079 0.063
9 0.1735 0.382 0.0825 0.0615
9 0.2625 0.381 0.0925 0.064
9 0.352 0.3825 0.084 0.0655
9 0.4385 0.3835 0.0925 0.064
9 0.5275 0.3815 0.0925 0.063
9 0.6175 0.384 0.094 0.0655
9 0.7075 0.3835 0.096 0.0615
9 0.801 0.384 0.0925 0.063
9 0.17 0.4465 0.0825 0.064
9 0.2615 0.4465 0.094 0.064
9 0.3505 0.4475 0.091 0.0615
9 0.441 0.4475 0.0875 0.0615
9 0.526 0.4505 0.089 0.0605
9 0.6165 0.4505 0.096 0.0655
9 0.709 0.449 0.0925 0.064
9 0.801 0.4505 0.0925 0.063
9 0.8005 0.52 0.087 0.0655
9 0.708 0.5185 0.0905 0.061
9 0.615 0.5195 0.0855 0.067
9 0.5225 0.518 0.0855 0.067
9 0.437 0.516 0.089 0.068
9 0.347 0.5175 0.0905 0.068
9 0.2575 0.517 0.0855 0.067
9 0.166 0.515 0.094 0.0655
9 0.1625 0.5855 0.087 0.068
9 0.254 0.587 0.089 0.0695
9 0.3465 0.586 0.089 0.0695
9 0.4345 0.588 0.0875 0.068
9 0.522 0.586 0.0875 0.0695
9 0.6165 0.5895 0.0925 0.0695
9 0.7115 0.5895 0.0975 0.0695
9 0.8035 0.591 0.094 0.0695
9 0.1585 0.6545 0.0955 0.0685
9 0.251 0.656 0.089 0.071
9 0.3445 0.656 0.089 0.071
9 0.4355 0.655 0.089 0.0695
9 0.5235 0.6565 0.091 0.0745
9 0.6175 0.6585 0.094 0.0755
9 0.7105 0.661 0.096 0.071
9 0.8035 0.6615 0.0975 0.0745
9 0.155 0.725 0.089 0.066
9 0.2485 0.7255 0.091 0.067
9 0.3415 0.7255 0.089 0.0695
9 0.433 0.7295 0.094 0.0695
9 0.5235 0.728 0.094 0.067
9 0.614 0.7305 0.094 0.0695
9 0.712 0.7295 0.099 0.072
9 0.808 0.7335 0.096 0.0735