8 0.8432159789999999 0.11162201199999999 0.053791308 0.23499307 0.06251753 0.926331933 0.948610733 0.688886628 0.8432159789999999 0.11162201199999999
10 0.792630972 0.172358787 0.13942336900000002 0.281892198 0.156923675 0.828053623 0.873662487 0.644851808 0.792630972 0.172358787
2 0.8890535129427142 0.4787107931391072 0.05207703572289893 0.07363722250740806
9 0.8099710792680144 0.4946591674480975 0.08925176582530867 0.0794409148568684
3 0.8746646017258531 0.4180747515793852 0.047902305620488736 0.07033412063179072
4 0.865630082090317 0.3595219449406894 0.048669332150609076 0.06640989610069505
5 0.8560081974035761 0.30250702603644575 0.05266933215060908 0.0667129979763124
9 0.7990530463674183 0.4342579117472103 0.09431000919277881 0.0808197922013901
9 0.7870185267318823 0.3759324315152275 0.08601879235542878 0.0752135884501555
9 0.7789257637288763 0.3183038494076274 0.08996054898795887 0.07451669032577285
9 0.7712747573584003 0.2616373795655751 0.09190230562048873 0.07366824126358154
6 0.8442698259818952 0.24764365807001076 0.05266933215060908 0.0667129979763124
7 0.8360605762439492 0.1920150759624106 0.05149460204819888 0.06363722250740807
0 0.9108313353764361 0.6005133045408815 0.048077035722898925 0.0733341206317907
1 0.8993550591083701 0.5411499365744464 0.04784406225301882 0.06933412063179072
7 0.08598354052105042 0.31854357576504483 0.06201879235542884 0.07339497719645147
6 0.08649386984935656 0.38670258615497527 0.058077035722898844 0.07409187532083411
5 0.08467892928007265 0.4520510352171666 0.07336825256024877 0.0802285073543992
4 0.09033486702705373 0.5173311682625754 0.06931000919277878 0.07892540547878184
3 0.09025783130415489 0.587028066386958 0.07560122603012868 0.08438005829220765
2 0.0910643088463161 0.6586491890424363 0.07977595613253863 0.08768316016782501
1 0.09719605628606734 0.732853546618941 0.08118365970482853 0.09475893563672935
0 0.0927695603583486 0.8088535466189409 0.08000892960241857 0.091683160167825
9 0.18539124409334032 0.3040418043435155 0.09936825256024878 0.0821986695459118
9 0.2788625889849012 0.3487294715942472 0.10119352245783875 0.07935022048372048
9 0.2729445560843051 0.2879493385488385 0.1020770357228988 0.07742599595262481
9 0.3644396247078 0.2725537708785439 0.09848473929518878 0.08412289407700757
9 0.44587644996382486 0.2589159578972927 0.09213527909036884 0.07766824126358153
9 0.5273423969035849 0.24477814491604155 0.09842649592771886 0.08312289407700751
9 0.6047792221596097 0.23144343381040772 0.09125176582530867 0.0795924657946772
9 0.7074943364246524 0.39091869355867004 0.08207703572289893 0.07591048657453814
9 0.7012850866867064 0.3351385605132612 0.0923100091927788 0.08066824126358153
9 0.6911340803162305 0.2786615293434697 0.09107703572289892 0.0765924657946772
9 0.6861869257318994 0.21830562082915655 0.09219352245783875 0.07866824126358153
9 0.7600946293041894 0.20573612386468795 0.09084406225301882 0.0725924657946772
9 0.6351843272318736 0.47007142544416486 0.09865946939759851 0.08712289407700757
9 0.6289701461174225 0.4058291801332082 0.08801879235542902 0.07536513938796417
9 0.6193482614306816 0.34881426122896453 0.09425176582530867 0.07981979220139021
9 0.6122554984276756 0.29110990365246003 0.08784406225301881 0.07236513938796418
9 0.5372949494397168 0.3644899619446679 0.09431000919277881 0.08081979220139021
9 0.5312313081204457 0.306209828899259 0.08996054898795887 0.07451669032577274
9 0.4507362394969509 0.3207718664116059 0.08001879235542879 0.07475893563672957
9 0.3761883254577871 0.39561403696936154 0.10136825256024871 0.08235022048372048
9 0.368299414240926 0.33448545486176134 0.09431000919277881 0.0808197922013901
9 0.19090697137344745 0.43155672324775923 0.10765946939759863 0.08780487329714651
9 0.18722191194273133 0.36662503926454176 0.10225176582530877 0.08042599595262481
9 0.28463501346682224 0.4120096046396561 0.11048473929518877 0.08503219970385953
9 0.464043183614408 0.442718469299067 0.09136825256024872 0.0815924657946772
9 0.45615427239754697 0.38158988719146686 0.08801879235542878 0.07536513938796417
9 0.5582287096204199 0.5520651469397292 0.0987759561325388 0.08912289407700746
9 0.5545436501897039 0.48713346295651166 0.09425176582530867 0.07981979220139021
9 0.5461838606565778 0.4255427685833637 0.08996054898795887 0.07451669032577285
9 0.38526229610536417 0.52186374173244 0.10548473929518877 0.08465332235933784
9 0.3784316282559731 0.45965938415593555 0.1043100091927788 0.08157754689043349
9 0.28670358616259833 0.4790549518262301 0.09942649592771875 0.0831986695459118
9 0.1940629091204285 0.4970262949654289 0.10742649592771875 0.08380487329714652
9 0.1970149950812647 0.5659958666830985 0.10771771276506865 0.08880487329714651
9 0.29150513232825437 0.5419108603405431 0.10142649592771874 0.08335022048372048
9 0.471902973147534 0.5043470514066671 0.0923100091927788 0.08066824126358153
9 0.7258304022258444 0.5119864191016095 0.08925176582530867 0.0794409148568684
9 0.7183832476415134 0.4518199492595571 0.0982517658253089 0.08012289407700746
9 0.6410441167649996 0.5318515584895737 0.09642649592771864 0.08297134313919878
9 0.4765297892107801 0.5702029599209802 0.0913100091927788 0.08059246579467708
9 0.3863017471174053 0.5894848643879184 0.0995429826626587 0.08519866954591179
9 0.29601546165656056 0.6097667688548563 0.10060122603012872 0.08627444501481614
9 0.20149620272583582 0.6343517751974117 0.10560122603012871 0.08665332235933784
9 0.2015988284818521 0.7095107855873422 0.10512541633735856 0.09557754689043349
9 0.30114720909631176 0.6840469019002651 0.10700892960241856 0.09372909782824218
9 0.3956373463433015 0.6599618955577098 0.10771771276506865 0.08880487329714651
9 0.4830692402228212 0.6374073174974848 0.10054298266265868 0.08527444501481614
9 0.568913769051136 0.6164664026406163 0.10295068623494853 0.09242599595262482
9 0.6560253244095707 0.5994118245803913 0.09871771276506866 0.08812289407700746
9 0.7388698532378856 0.5786982361302357 0.10054298266265868 0.08527444501481614
9 0.8202726254336703 0.5570983108834369 0.08925176582530867 0.0794409148568684
9 0.8253703198131813 0.6234163316632978 0.08442649592771886 0.08206203751234671
9 0.7439966693011317 0.6445162569100966 0.0906012260301286 0.08551669032577275
9 0.6597395055240218 0.6638435085636087 0.09554298266265869 0.08489556767029444
9 0.5773076116445023 0.686019209279312 0.0977759561325388 0.08904711860810312
9 0.48428835271377746 0.710490552418511 0.10406717296988847 0.09450177142152916
9 0.39785645883425774 0.7329693550098316 0.10706717296988859 0.09472909782824218
9 0.303482808322208 0.755054361352387 0.10700892960241856 0.09372909782824218
9 0.20502179275895324 0.7789424695705597 0.10712541633735856 0.09572909782824217