9 0.6635 0.658 0.107 0.084
9 0.6005 0.6805 0.0995 0.078
9 0.686 0.5765 0.103 0.076
9 0.79 0.603 0.1075 0.082
9 0.7255 0.626 0.101 0.0775
9 0.629 0.3005 0.0895 0.066
9 0.537 0.7135 0.106 0.0855
9 0.367 0.589 0.0975 0.073
9 0.643 0.419 0.097 0.069
9 0.623 0.605 0.0965 0.0725
9 0.562 0.6305 0.1015 0.0765
9 0.393 0.402 0.09 0.066
9 0.5785 0.44 0.0905 0.0675
9 0.4585 0.4915 0.092 0.068
9 0.7475 0.5515 0.099 0.0725
9 0.571 0.3285 0.0945 0.0695
9 0.5105 0.3515 0.091 0.065
9 0.431 0.562 0.0925 0.069
9 0.7125 0.5045 0.1005 0.074
9 0.4665 0.738 0.099 0.0795
9 0.3335 0.43 0.0935 0.069
9 0.436 0.6865 0.1 0.079
9 0.401 0.5215 0.0975 0.0695
9 0.518 0.465 0.0945 0.0705
9 0.4635 0.608 0.099 0.0735
9 0.336 0.544 0.0935 0.0695
9 0.2735 0.4525 0.091 0.067
9 0.6055 0.373 0.0925 0.067
9 0.453 0.379 0.0935 0.0685
9 0.277 0.5715 0.0985 0.074
9 0.369 0.713 0.094 0.0755
9 0.427 0.4465 0.0985 0.0695
9 0.487 0.424 0.09 0.0665
9 0.586 0.558 0.0985 0.073
9 0.737 0.4355 0.101 0.0715
9 0.854 0.5735 0.105 0.0745
9 0.34 0.6675 0.092 0.0775
9 0.6115 0.483 0.0975 0.0705
9 0.306 0.5015 0.0965 0.071
9 0.667 0.346 0.099 0.0695
9 0.5465 0.397 0.0945 0.07
9 0.309 0.613 0.0895 0.07
9 0.7735 0.4805 0.0955 0.069
9 0.491 0.5385 0.0945 0.0715
9 0.241 0.412 0.0925 0.071
9 0.5025 0.66 0.098 0.0725
9 0.4045 0.64 0.0965 0.0725
9 0.36 0.3575 0.094 0.0715
9 0.651 0.533 0.0965 0.071
9 0.4055 0.7735 0.103 0.0955
9 0.304 0.3815 0.0905 0.0675
9 0.3665 0.471 0.0935 0.0675
9 0.554 0.515 0.0935 0.067
9 0.5265 0.582 0.0965 0.0705
9 0.421 0.336 0.088 0.067
9 0.477 0.311 0.0945 0.0725
9 0.702 0.39 0.095 0.067
9 0.6755 0.4595 0.0975 0.068
9 0.214 0.479 0.0885 0.0695
9 0.8105 0.527 0.1005 0.0745
9 0.5415 0.2895 0.0905 0.0665
9 0.237 0.526 0.0935 0.067
9 0.595 0.255 0.1015 0.075
9 0.18 0.4365 0.0975 0.0685