9 0.562 0.568 0.096 0.0745
9 0.721 0.5785 0.096 0.074
9 0.6835 0.6255 0.0955 0.076
9 0.7575 0.537 0.096 0.075
9 0.6145 0.403 0.094 0.071
9 0.5405 0.495 0.0955 0.0725
9 0.2915 0.3775 0.1015 0.0735
9 0.595 0.332 0.0935 0.073
9 0.4815 0.465 0.097 0.0735
9 0.7915 0.4895 0.095 0.071
9 0.5565 0.377 0.095 0.0725
9 0.42 0.4375 0.0995 0.0735
9 0.502 0.5415 0.0955 0.0715
9 0.66 0.5515 0.094 0.074
9 0.8065 0.374 0.091 0.07
9 0.6355 0.479 0.094 0.0725
9 0.77 0.4185 0.092 0.072
9 0.576 0.4485 0.095 0.0735
9 0.536 0.301 0.0955 0.073
9 0.828 0.4445 0.095 0.0745
9 0.402 0.5595 0.1015 0.0785
9 0.4415 0.5105 0.0985 0.0745
9 0.3175 0.4515 0.103 0.0755
9 0.5175 0.4235 0.0965 0.0755
9 0.69 0.317 0.091 0.0685
9 0.6495 0.674 0.1 0.077
9 0.57 0.261 0.093 0.0715
9 0.7115 0.3875 0.0935 0.073
9 0.698 0.5055 0.094 0.0735
9 0.339 0.531 0.103 0.0765
9 0.4845 0.6645 0.1005 0.079
9 0.2115 0.4675 0.107 0.078
9 0.744 0.3445 0.091 0.0705
9 0.38 0.4845 0.1005 0.0755
9 0.672 0.4335 0.095 0.0725
9 0.6285 0.287 0.0935 0.071
9 0.8635 0.4 0.0915 0.0695
9 0.5235 0.6165 0.099 0.0775
9 0.2525 0.425 0.101 0.0775
9 0.731 0.4605 0.092 0.074
9 0.51 0.2295 0.0935 0.0725
9 0.4505 0.201 0.0985 0.0725
9 0.457 0.393 0.0975 0.0745
9 0.3535 0.4065 0.101 0.075
9 0.61 0.724 0.0995 0.078
9 0.548 0.6965 0.0975 0.078
9 0.2965 0.5765 0.105 0.0785
9 0.361 0.607 0.103 0.0775
9 0.4355 0.319 0.0975 0.075
9 0.333 0.332 0.099 0.075
9 0.587 0.6475 0.0985 0.0775
9 0.5985 0.522 0.0965 0.075
9 0.4965 0.347 0.096 0.075
9 0.231 0.549 0.106 0.079
9 0.414 0.242 0.097 0.0735
9 0.395 0.3635 0.1015 0.0755
9 0.652 0.3585 0.095 0.073
9 0.6205 0.5995 0.097 0.076
9 0.166 0.516 0.106 0.0775
9 0.4245 0.6345 0.097 0.0765
9 0.472 0.2725 0.098 0.074
9 0.275 0.4995 0.1055 0.079
9 0.4625 0.586 0.0965 0.077
9 0.375 0.286 0.1 0.075