9 0.409 0.7289505188439707 0.095 0.08442469611203615
9 0.762 0.36850927960661545 0.078 0.06463290838672446
9 0.453 0.34740118590786984 0.083 0.07086578712946312
9 0.532 0.3387217017725977 0.082 0.06881921138091536
9 0.2245 0.7625437444510305 0.105 0.08989045359751367
9 0.4665 0.4607724133024752 0.084 0.06991236287801098
9 0.4935 0.7125148680916861 0.093 0.08433154461494063
9 0.222 0.6226601838223997 0.099 0.08061099910622715
9 0.7725 0.4225202342468641 0.078 0.06463290838672446
9 0.819 0.6553544619393938 0.084 0.07691236287801098
9 0.2925 0.36487659354978347 0.089 0.07214524162074963
9 0.4795 0.5816669285713545 0.087 0.07605209012365413
9 0.318 0.7456889119618159 0.1 0.0876575748547748
9 0.5395 0.39787238365848954 0.082 0.06881921138091547
9 0.6505 0.6192024755696894 0.087 0.07705209012365412
9 0.301 0.48298069968712765 0.094 0.07437812036348827
9 0.64 0.5576915209294409 0.085 0.07395893862655863
9 0.2195 0.5592766231937691 0.097 0.07451784760913165
9 0.3105 0.6090382300759241 0.097 0.08151784760913165
9 0.4035 0.6602066854609834 0.093 0.08133154461494065
9 0.6055 0.33279838425433816 0.081 0.06777263563236761
9 0.71 0.4879312185310984 0.082 0.06881921138091536
9 0.7945 0.5344955677788137 0.08 0.07072605988381975
9 0.752 0.31597503709209296 0.076 0.06553975688962896
9 0.69 0.3783627335020534 0.08 0.06672605988381997
9 0.6615 0.6836901423356642 0.088 0.08009866587220177
9 0.721 0.545418885297073 0.084 0.07191236287801075
9 0.5245 0.2870710198867058 0.081 0.06777263563236761
9 0.213 0.4330793655593295 0.092 0.07428496886639288
9 0.2075 0.31583553217634214 0.09 0.07019181736929739
9 0.622 0.44002988440330026 0.083 0.06986578712946312
9 0.446 0.2922272161477041 0.081 0.06677263563236761
9 0.3995 0.5948929884551745 0.091 0.07923839311784514
9 0.6135 0.3874257782659562 0.081 0.06677263563236761
9 0.2235 0.6905903201995782 0.1 0.08565757485477479
9 0.5715 0.6328819597049615 0.089 0.07714524162074964
9 0.2965 0.42569029055559254 0.092 0.07428496886639288
9 0.3135 0.6748985028302807 0.099 0.08361099910622716
9 0.4595 0.40659844354230945 0.084 0.06991236287801086
9 0.6815 0.32375862736470923 0.079 0.06567948413527211
9 0.4865 0.6463408983315203 0.092 0.08028496886639278
9 0.742 0.26394079457757047 0.076 0.06353975688962885
9 0.8065 0.5929366587962407 0.082 0.07381921138091548
9 0.2105 0.37419580493069887 0.091 0.07423839311784514
9 0.5795 0.6970093537165797 0.091 0.08123839311784513
9 0.473 0.5224696709369148 0.086 0.07000551437510649
9 0.743 0.6683942188290226 0.089 0.07914524162074962
9 0.784 0.476484613138565 0.08 0.06772605988381997
9 0.3935 0.5341724429464609 0.087 0.07105209012365413
9 0.2895 0.30851632079542674 0.088 0.06909866587220188
9 0.7315 0.6059298399373219 0.085 0.07595893862655861
9 0.5545 0.5101737474302733 0.084 0.06991236287801086
9 0.5975 0.27917099024272013 0.08 0.06572605988381997
9 0.382 0.41670806405475996 0.087 0.07205209012365413
9 0.672 0.2717010969759128 0.077 0.0655863326381766
9 0.388 0.4704286095634735 0.087 0.07105209012365413
9 0.5465 0.4500463534186553 0.084 0.06891236287801086
9 0.37 0.29976697303733296 0.084 0.06891236287801097
9 0.375 0.35553409429459426 0.087 0.07105209012365413
9 0.215 0.49398621406223403 0.096 0.07647127186058401
9 0.3065 0.5462245330701151 0.095 0.07142469611203614
9 0.7 0.4318969760165759 0.081 0.06677263563236761
9 0.631 0.4981107026663706 0.085 0.06995893862655862
9 0.562 0.5693244293161652 0.089 0.07614524162074963