9 0.2675 0.532 0.077 0.0555
9 0.2475 0.5775 0.082 0.0605
9 0.558 0.474 0.0775 0.0535
9 0.3185 0.5885 0.08 0.059
9 0.401 0.353 0.076 0.0545
9 0.324 0.386 0.0785 0.055
9 0.415 0.5065 0.0795 0.0565
9 0.4485 0.412 0.0775 0.054
9 0.379 0.5975 0.0835 0.0625
9 0.4485 0.6095 0.077 0.06
9 0.498 0.6755 0.08 0.062
9 0.369 0.446 0.079 0.055
9 0.2995 0.644 0.0815 0.0625
9 0.334 0.5425 0.08 0.06
9 0.715 0.4005 0.0715 0.052
9 0.578 0.6345 0.0825 0.061
9 0.621 0.4835 0.0775 0.058
9 0.5295 0.5715 0.0815 0.0575
9 0.28 0.3365 0.072 0.0515
9 0.291 0.48 0.0815 0.056
9 0.399 0.5515 0.078 0.0575
9 0.3835 0.3985 0.076 0.0525
9 0.4605 0.3615 0.073 0.051
9 0.4305 0.6655 0.0865 0.0655
9 0.511 0.6235 0.085 0.0655
9 0.563 0.689 0.0815 0.067
9 0.593 0.583 0.0775 0.061
9 0.191 0.5695 0.0745 0.0545
9 0.432 0.4545 0.077 0.0515
9 0.6485 0.65 0.0795 0.0675
9 0.57 0.4295 0.0775 0.056
9 0.6085 0.536 0.079 0.056
9 0.651 0.391 0.0805 0.058
9 0.4925 0.465 0.076 0.0565
9 0.4615 0.5625 0.08 0.059
9 0.3075 0.436 0.075 0.0525
9 0.478 0.5165 0.0735 0.054
9 0.6405 0.439 0.075 0.0525
9 0.661 0.597 0.076 0.0575
9 0.6745 0.5465 0.0785 0.062
9 0.339 0.3455 0.072 0.049
9 0.362 0.653 0.0775 0.0575
9 0.163 0.616 0.0785 0.0625
9 0.6315 0.7045 0.0765 0.0645
9 0.508 0.42 0.0755 0.0515
9 0.2245 0.4705 0.075 0.052
9 0.521 0.3735 0.0785 0.056
9 0.2315 0.6295 0.081 0.057
9 0.5835 0.379 0.0745 0.0515
9 0.5435 0.521 0.0835 0.059
9 0.353 0.49 0.0745 0.054
9 0.7035 0.4485 0.0765 0.0585
9 0.209 0.524 0.076 0.0565
9 0.729 0.3525 0.081 0.06
9 0.5365 0.327 0.0745 0.05
9 0.664 0.3445 0.0755 0.0515
9 0.473 0.319 0.08 0.0555
9 0.6865 0.4965 0.076 0.054
9 0.5995 0.3355 0.079 0.056
9 0.4095 0.3105 0.074 0.0495
9 0.2425 0.4265 0.0765 0.0565
9 0.256 0.377 0.0705 0.051
9 0.35 0.299 0.0795 0.0525
9 0.2885 0.2885 0.0735 0.051