9 0.46115673844620436 0.7198821378477621 0.10143131532411383 0.09074886635259236
9 0.7505294916926153 0.6951226172749911 0.106448770389042 0.09218630967022182
9 0.5313138340305584 0.7170063442945768 0.10755350077861135 0.09827379833374789
9 0.36687239610826133 0.6705707148127992 0.09939640519425734 0.08857388902554067
9 0.5123611379262514 0.6552565710240583 0.09739640519425757 0.08839891169848851
9 0.5714456231194542 0.42606844751798406 0.0962742197397597 0.08131142303496279
9 0.5890117771457947 0.48118698779321367 0.1003265849345446 0.08466137768906651
9 0.34737606234163376 0.6112771972105179 0.10239640519425734 0.08883635501611843
9 0.6543149696143851 0.6416362169129766 0.10237895012932904 0.08783635501611843
9 0.7536190381849097 0.5181226172749912 0.0993265849345446 0.08457388902554067
9 0.6326789953283318 0.5901677219836432 0.10436149506440097 0.08701133234317013
9 0.6086913890941684 0.5299805053954951 0.09629167480468823 0.08231142303496267
9 0.47476374000342714 0.5428007688147843 0.09429167480468811 0.08213644570791075
9 0.4381429496146486 0.6612824099231399 0.09944877038904201 0.09157388902554044
9 0.43706161169103347 0.4363449666055103 0.09427421973975993 0.08113644570791098
9 0.5796142363677105 0.6466183114802952 0.10543131532411394 0.0910988210066962
9 0.7300179740287129 0.464479145018606 0.10136149506440097 0.08674886635259235
9 0.618045292209932 0.36704918170841366 0.09627421973975993 0.08131142303496279
9 0.317235026756489 0.5019775599776882 0.10034403999947267 0.08566137768906651
9 0.45363649324983796 0.49087601821721394 0.09934403999947267 0.08557388902554056
9 0.6442161766258416 0.4169113756236136 0.10234403999947289 0.08583635501611843
9 0.6804095774057712 0.5237359448375987 0.1063440399994729 0.08618630967022205
9 0.7972251636401981 0.6306033514654207 0.09937895012932926 0.08757388902554067
9 0.29362802519926623 0.6781840423754067 0.10346622545397031 0.09292384367964406
9 0.3327924532503652 0.557421122925866 0.0963091298696163 0.0833114230349629
9 0.2865154433791672 0.3971341784130957 0.09529167480468811 0.08222393437143682
9 0.38446194260055583 0.49483930043392516 0.09427421973975993 0.08113644570791098
9 0.6627648755872537 0.47311740456236906 0.10129167480468823 0.08274886635259236
9 0.49428625636744694 0.6005942864170656 0.10339640519425745 0.08892384367964405
9 0.30157286987304344 0.45253399702951047 0.09325676467483163 0.0800489570443849
9 0.3677823306521821 0.4463082488222215 0.0983265849345446 0.08448640036201459
9 0.6994233662373269 0.5819857181081173 0.10334403999947289 0.08592384367964405
9 0.8282389524717539 0.6899029886982503 0.12558841090846773 0.10184859427721449
9 0.7285244303935237 0.6361103780138949 0.10944877038904201 0.09244877566079981
9 0.6782938483160843 0.7023234335011246 0.11051859064875498 0.09653626432432566
9 0.4231204332506288 0.6038825913067251 0.10036149506440097 0.08666137768906651
9 0.42089945480758795 0.38685765932556954 0.09729167480468812 0.08239891169848874
9 0.40598445896457563 0.5528077953632585 0.10237895012932927 0.08783635501611843
9 0.5424382906527093 0.538706253602784 0.0993091298696163 0.08357388902554067
9 0.4841176431191907 0.37986944512770277 0.09423930960990333 0.07913644570791098
9 0.6015669324720174 0.7086305507413915 0.10546622545397032 0.0930988210066962
9 0.31116799662821426 0.7348025826506364 0.09946622545397031 0.09257388902554066
9 0.5082798000026362 0.43005666171585083 0.09727421973975993 0.08139891169848874
9 0.35017253896352113 0.3936897085469919 0.09322185454497525 0.0780489570443849
9 0.7746939197437143 0.5730473678725614 0.10741386025918565 0.09027379833374789
9 0.28070151169235164 0.6154592010860439 0.09632658493454449 0.08431142303496267
9 0.5248372264965124 0.4855877133275545 0.09325676467483163 0.0800489570443849
9 0.7113907272751239 0.41277311607985046 0.09625676467483163 0.08031142303496279
9 0.5537834662360087 0.3764499072427545 0.097291674804688 0.08239891169848874
9 0.1936700083139753 0.35145398837342184 0.11134403999947279 0.08662375298785162
9 0.26454808234137017 0.5654718938061033 0.10439640519425746 0.08901133234317013
9 0.689789663118927 0.35930462115051715 0.0973091298696163 0.08339891169848875
9 0.2434295631202452 0.5130471432085328 0.0953091298696163 0.08322393437143683
9 0.22791577428868945 0.4551035802603551 0.09432658493454454 0.08413644570791098
9 0.5600131722115137 0.5933247938780137 0.1003265849345446 0.08466137768906629
9 0.33409765740471664 0.3392024012670512 0.0943265849345446 0.08413644570791098
9 0.21371870727538747 0.40779125030746627 0.08423930960990345 0.0782615590726516
9 0.46799912389806564 0.327882137847762 0.09732658493454449 0.08439891169848875
9 0.26688819662557806 0.34534066081081427 0.09425676467483163 0.08013644570791098
9 0.4007285703916783 0.3375203973915251 0.09025676467483162 0.07978649105380725
9 0.5336998571447402 0.32211264530871003 0.09629167480468823 0.08231142303496279
9 0.6696973264951944 0.3054673592164728 0.0963265849345446 0.08431142303496278
9 0.3899472776670658 0.7256704427374214 0.1034836805188985 0.09392384367964428
9 0.6049704106511277 0.3128243404190507 0.09529167480468823 0.08222393437143682