9 0.2920984678429331 0.3092854400425645 0.10993184644351117 0.08614247904975969
9 0.6224404897893105 0.6499360959838268 0.11723442480213361 0.09934615824742923
9 0.3766965176312217 0.6460939649305018 0.10904822273528895 0.09111338202152115
9 0.41733038431719965 0.33861921448451154 0.1089551217018668 0.08711338202152115
9 0.4486196528280663 0.4111590125526404 0.10900167221857783 0.08911338202152115
9 0.5213029285123995 0.5514476384065133 0.11611804851035572 0.09431706121919069
9 0.21653609915059957 0.5288367805333799 0.10795512170186669 0.0870842849932826
9 0.3811757507007329 0.5180503193881439 0.11402494747693345 0.09025886716271384
9 0.5879741485129104 0.7138962979156979 0.12758355367746663 0.11463712852981461
9 0.25372313732673296 0.4767892875167932 0.11207149799364453 0.09220067310623677
9 0.24784864291982173 0.6003765786015087 0.10900167221857783 0.08911338202152137
9 0.2595161683293997 0.35670199643207773 0.1028387454100889 0.08193879985209014
9 0.41910467076173286 0.5844009867727226 0.1160947732520001 0.09331706121919092
9 0.3524330327065774 0.4434377787494187 0.1099783969602222 0.08814247904975969
9 0.3200506631622886 0.37492707770952827 0.10893184644351117 0.08611338202152115
9 0.659732266628044 0.5933886029672404 0.12535080109391128 0.10457893447333753
9 0.15046669143017732 0.5122717329112411 0.1160947732520001 0.09331706121919069
9 0.4840460645611995 0.6064951314230997 0.1130947732520001 0.0932297701344753
9 0.35371442608006637 0.3239814242917765 0.1038387454100889 0.08196789688032868
9 0.48208348577659954 0.47614061656429235 0.11100167221857782 0.08917157607799822
9 0.3470352630413106 0.568010521320015 0.10693184644351118 0.0860551879650443
9 0.28800076820842174 0.5497417945002067 0.11407149799364447 0.09225886716271361
9 0.6522813254726219 0.46269412176374464 0.11002494747693345 0.09014247904975968
9 0.38365498377024415 0.39006486790226325 0.10486202066844454 0.0829969939085671
9 0.18918864249384404 0.4586805943522968 0.10693184644351118 0.08605518796504406
9 0.7237576321596219 0.48309913573057156 0.12316459902706674 0.09652074041686046
9 0.28437526261533297 0.426430925183757 0.10386202066844454 0.08296789688032868
9 0.5847933811564441 0.4426727196839638 0.1150947732520001 0.09328796419095238
9 0.4818299662625552 0.3582279076490079 0.10488529592680015 0.0839969939085671
9 0.4170535895447998 0.22170650556922702 0.09874564437666675 0.07782241173913598
9 0.22093386881586632 0.40429313499102204 0.11395512170186668 0.08725886716271385
9 0.44726843367951064 0.5336153670102827 0.1079551217018668 0.08708428499328283
9 0.3132434862025773 0.6244561747377668 0.11518787428542236 0.09728796419095238
9 0.31729254504715515 0.49342707770952826 0.10386202066844454 0.08296789688032868
9 0.5514758207314883 0.6290165335028808 0.117211149543778 0.09834615824742923
9 0.5483644610954441 0.3762784067570274 0.1109783969602222 0.08817157607799822
9 0.7167717781166664 0.35389010601295673 0.11090857118515578 0.08517157607799822
9 0.691593869241844 0.5340011436059656 0.1140947732520001 0.09325886716271362
9 0.6144338688158664 0.39284345437916607 0.10790857118515577 0.08508428499328272
9 0.4452775629808217 0.6620862699820442 0.12118787428542237 0.09746254636038339
9 0.41801407805617735 0.4595173748856766 0.10486202066844454 0.08299699390856721
9 0.5167356110651997 0.4256658661183021 0.10490857118515579 0.0849969939085671
9 0.5145402796970442 0.3053113512594947 0.10493184644351118 0.0859969939085671
9 0.3504725441951998 0.2056560064612076 0.11097839696022231 0.08817157607799822
9 0.586755959941044 0.5730272345427713 0.1120714979936447 0.09220067310623677
9 0.5222655072969994 0.6818312502935592 0.11414132376871111 0.09525886716271362
9 0.5485714300927774 0.49619111567231183 0.10593184644351118 0.08602609093680565
9 0.6855265517946441 0.4082630168601122 0.11507149799364447 0.09228796419095238
9 0.5811213250466442 0.3213618503675141 0.10486202066844454 0.08299699390856721
9 0.6803428580556664 0.2874957930860203 0.10586202066844452 0.08302609093680564
9 0.4515057848641553 0.2871590125526404 0.1038387454100889 0.08196789688032868
9 0.3889014642561998 0.27199212533166695 0.1069551217018668 0.08705518796504419
9 0.748993729180333 0.3004880981375627 0.1089551217018668 0.08711338202152115
9 0.7555261337399997 0.4277116763692968 0.11102494747693345 0.09017157607799822
9 0.6170360991505995 0.5171834207238541 0.11714132376871111 0.09534615824742923
9 0.6492721961713107 0.33436870393317575 0.1119783969602222 0.08820067310623676
9 0.8225165863840441 0.31883491804791253 0.11495512170186657 0.08728796419095226
9 0.7917713600620219 0.37319328038094873 0.1181180485103555 0.09437525527566788
9 0.1787675975702217 0.5843988220640856 0.1140947732520001 0.09325886716271362
9 0.10973310273733286 0.5664210655266626 0.12000167221857785 0.08943344933214485
9 0.6108200008519552 0.26903258506271643 0.10690857118515577 0.08505518796504419
9 0.3212855060190664 0.2574707232518861 0.1028154701517334 0.08093879985209014
9 0.5441924049856443 0.25498208595469696 0.10079219489337789 0.07988060579561307
9 0.48207644674851086 0.24030065021960423 0.10588529592680015 0.08402609093680564