9 0.6837556682370379 0.49576752881253 0.09794922911976278 0.06853524034260784
9 0.7306874453830826 0.5419708194921713 0.11682411575502193 0.07863996127920518
9 0.5775355862013342 0.3789453059855063 0.09677425179271086 0.06652942251279693
9 0.23792633976939387 0.6677750134610517 0.10056164976444433 0.07554687600222997
9 0.5112722132928302 0.30237000756170607 0.09551178580213332 0.06352360468298593
9 0.3295077088023717 0.6777368642035383 0.10464913842797023 0.07657014732147355
9 0.26261922252912706 0.5911702925244545 0.1022991837738665 0.07255851166185176
9 0.5012679074981342 0.47384091841265125 0.09577425179271086 0.06652360468298593
9 0.2655330942424903 0.7120917518220067 0.11108658174559981 0.08160505430033936
9 0.5568050787403861 0.4445325734326706 0.09903671778328862 0.06954105817241885
9 0.6654127401314086 0.5683373427702615 0.10238667243739247 0.07355851166185175
9 0.31608635708157123 0.44843176150220543 0.09477425179271097 0.06651778685317504
9 0.0627801467592305 0.45340367244437707 0.12029918377386653 0.07266323259844898
9 0.35045557754524537 0.48971068396938905 0.10103671778328874 0.06955269383204087
9 0.427476657190668 0.6946579901373483 0.10682411575502215 0.07858178298109555
9 0.5897617878675862 0.48482022264457075 0.09586174045623692 0.06752360468298593
9 0.3035711724026681 0.762844494055041 0.10634904773617757 0.08457596515128443
9 0.1657740271286824 0.4642986181440377 0.10203671778328874 0.06955851166185176
9 0.5413601554153192 0.34117511026303904 0.09142429713860724 0.06250033336374212
9 0.549750908983379 0.627980212964372 0.10364913842797023 0.07656432949166264
9 0.45197575027274195 0.6145561781156567 0.10038667243739247 0.07354687600222996
9 0.41641274013140855 0.5697859823931893 0.10347416110091831 0.07456432949166265
9 0.13725612169600104 0.5389266103998787 0.10529918377386656 0.07257596515128444
9 0.3842373093453937 0.5319925153514782 0.09794922911976278 0.06853524034260795
9 0.3738173180014823 0.42260887194769736 0.09986174045623693 0.06754687600222974
9 0.43026700058020817 0.39429470913790576 0.09359927446565916 0.06451196902336415
9 0.48582298417306735 0.3704834552430196 0.09777425179271097 0.06653524034260795
9 0.357069358566816 0.6026146897775084 0.10038667243739247 0.07354687600222996
9 0.4439494579146973 0.5006608990522537 0.10194922911976277 0.06855851166185176
9 0.6124922953285342 0.4192213195377846 0.09559927446565916 0.06452360468298593
9 0.22609247671211938 0.43746118401500234 0.09777425179271097 0.06653524034260795
9 0.28619220463674155 0.4131237498859669 0.09777425179271097 0.06653524034260784
9 0.5136441545102827 0.5837129261568103 0.10247416110091831 0.07455851166185175
9 0.13472982933795638 0.4249993332725157 0.09694922911976284 0.06852942251279694
9 0.5319433382841492 0.5116431121990788 0.10012420644681469 0.07054687600222974
9 0.6473864477733638 0.4545002420049682 0.1041242064468147 0.07057014732147354
9 0.4075802374510231 0.459393612244692 0.09577425179271097 0.06652360468298593
9 0.29109338363004544 0.5170423002686135 0.09794922911976278 0.06853524034260795
9 0.6285435196677344 0.5270729648776051 0.1061242064468147 0.07058178298109556
9 0.45519129771881545 0.3321812614565921 0.09142429713860724 0.06250033336374212
9 0.3676770199578384 0.7269896064365727 0.11534904773617768 0.08462832561958317
9 0.521217136617897 0.40575946879529784 0.09542429713860748 0.06252360468298593
9 0.2950509996751716 0.6374579417363546 0.10647416110091831 0.07458178298109555
9 0.2574179528440305 0.4792575599716189 0.10394922911976277 0.06857014732147354
9 0.5686375814207715 0.5549074900917351 0.09894922911976278 0.06854105817241885
9 0.6106568472303419 0.6001398699204312 0.11299909308207384 0.08061668995996114
9 0.19459950326059355 0.5061095386751817 0.09994922911976284 0.06854687600222985
9 0.3427731202107563 0.3833095870761753 0.09359927446565916 0.06451196902336404
9 0.4647237097074083 0.4345736316050895 0.09877425179271086 0.06654105817241884
9 0.47718744538308255 0.5434456393492485 0.09903671778328874 0.06954105817241885
9 0.23242497939250478 0.547868098738027 0.1042991837738665 0.07257014732147354
9 0.16697529681377887 0.5762346220161172 0.1002991837738665 0.07254687600222974
9 0.19387330159434152 0.40016771697329123 0.10012420644681469 0.07054687600222974
9 0.39367611303991235 0.6468790676701647 0.10764913842797023 0.07658760081090668
9 0.19573209663277158 0.6245426336323557 0.10864913842797023 0.07659341864071757
9 0.32641885976195656 0.5588154049059862 0.10447416110091831 0.07457014732147355
9 0.4928200387552605 0.6617943757741637 0.11317407040912576 0.08261668995996115
9 0.4010915697941933 0.3564837886067618 0.09577425179271097 0.06652360468298593
9 0.3123601554153192 0.34250739328974783 0.0941242064468147 0.07051196902336415
9 0.10410562289114168 0.49514187010288413 0.09894922911976284 0.06854105817241885
9 0.47537806084800055 0.2670969029243333 0.09177425179271097 0.06650033336374213
9 0.2518229841730674 0.3718448274187832 0.09568676312918507 0.06552360468298593
9 0.3658286503446525 0.3197077750544836 0.09159927446565916 0.06450033336374213
9 0.41964709992808946 0.29290815681921933 0.09759927446565916 0.06453524034260795