8 0.914810783 0.181318549 0.13061439 0.182833312 0.062151012 0.75957813 0.923887559 0.801596764 0.914810783 0.181318549
10 0.8340712459999999 0.23101895 0.200687759 0.229489145 0.144352417 0.709911774 0.8338564639999999 0.7402369660000001 0.8340712459999999 0.23101895
9 0.26265337 0.34074658799999996 0.265955718 0.28583058499999997 0.19278579199999998 0.28632142499999996 0.188025106 0.338888794 0.26265337 0.34074658799999996
9 0.195747798 0.28529294499999996 0.26599186300000005 0.287015333 0.27367841 0.232234735 0.19908488600000002 0.231594956 0.195747798 0.28529294499999996
9 0.34635844 0.28770312000000003 0.351399998 0.22970472 0.26790747800000003 0.229905407 0.265993987 0.284734013 0.34635844 0.28770312000000003
9 0.42391396800000003 0.287314419 0.42600591600000004 0.230344108 0.349810338 0.230715415 0.34635844 0.28770312000000003 0.42391396800000003 0.287314419
9 0.501392957 0.289118861 0.506421981 0.23221695299999998 0.430251331 0.231491379 0.43118503700000005 0.28858122100000005 0.501392957 0.289118861
9 0.5826528449999999 0.350274383 0.5878858840000001 0.287923209 0.507278698 0.288158474 0.49936465700000005 0.347237183 0.5826528449999999 0.350274383
9 0.58175741 0.292087969 0.5853759350000001 0.234055748 0.50780686 0.231102677 0.502816555 0.29024948 0.58175741 0.292087969
9 0.6636220009999999 0.293994549 0.667330699 0.233768143 0.5882095839999999 0.232975212 0.584719415 0.291059489 0.6636220009999999 0.293994549
9 0.748525138 0.292679507 0.747706242 0.232299947 0.668688846 0.23265460300000002 0.665160408 0.29183545099999997 0.748525138 0.292679507
9 0.833390004 0.292461035 0.835626553 0.23329508799999998 0.752168384 0.230208941 0.7499870049999999 0.292713553 0.833390004 0.292461035
9 0.256089917 0.400834473 0.339386302 0.40622595 0.340059347 0.342429588 0.261003682 0.343880815 0.256089917 0.400834473
9 0.342944812 0.343594252 0.34640792800000003 0.28888817899999997 0.267379315 0.286961203 0.264003957 0.341755763 0.342944812 0.343594252
9 0.421732588 0.349819029 0.425476763 0.28743522 0.347782039 0.288833738 0.34429187 0.34691801400000005 0.421732588 0.349819029
9 0.502211853 0.34949842000000003 0.505854535 0.290405316 0.428261301 0.288513129 0.421847398 0.346529313 0.502211853 0.34949842000000003
9 0.663170378 0.348857202 0.665262849 0.29301970499999996 0.583334088 0.288832298 0.584152983 0.349211857 0.663170378 0.348857202
9 0.746535107 0.349701256 0.748794601 0.289474398 0.663698541 0.291801405 0.664555706 0.35108439199999997 0.746535107 0.349701256
9 0.831361703 0.35057935700000004 0.83363529 0.290352148 0.7500252759999999 0.291616979 0.7449967000000001 0.351860355 0.831361703 0.35057935700000004
9 0.256122603 0.40209049700000005 0.263965687 0.342852335 0.184986561 0.342110419 0.17711079000000002 0.400092556 0.256122603 0.40209049700000005
9 0.333492364 0.40483206 0.419878954 0.40590429100000003 0.421885668 0.34543274100000004 0.344406681 0.343628298 0.333492364 0.40483206
9 0.498718028 0.41103483999999996 0.49932638700000004 0.348333756 0.421732588 0.349819029 0.415318686 0.40783521300000003 0.498718028 0.41103483999999996
9 0.5806727909999999 0.410747235 0.585614851 0.349245903 0.500788254 0.348367802 0.494297812 0.40857713 0.5806727909999999 0.410747235
9 0.5777008100000001 0.408324613 0.665451142 0.409270806 0.663132109 0.349953773 0.5826145760000001 0.351370955 0.5777008100000001 0.408324613
9 0.659488861 0.412424338 0.747391655 0.413531882 0.749382303 0.351962492 0.663132109 0.349953773 0.659488861 0.412424338
9 0.835915479 0.35080311599999997 0.749382303 0.351962492 0.7473157340000001 0.411177387 0.835066065 0.412123581 0.835915479 0.35080311599999997
9 0.8316266050000001 0.473695246 0.83206579 0.414248632 0.7473157340000001 0.411177387 0.745249164 0.470392281 0.8316266050000001 0.473695246
9 0.742815321 0.414364965 0.66551348 0.41162498399999997 0.6574605609999999 0.47054266 0.7407104809999999 0.47467643099999995 0.742815321 0.414364965
9 0.6595654009999999 0.410231194 0.582249781 0.407489533 0.57567251 0.466442935 0.65757537 0.46725294500000003 0.6595654009999999 0.410231194
9 0.577586 0.411614329 0.501718835 0.40890844099999996 0.49380791900000004 0.46453635400000004 0.5755577009999999 0.469732651 0.577586 0.411614329
9 0.495721409 0.409707748 0.419878954 0.40590429100000003 0.41044319 0.463692299 0.49369311 0.467826071 0.495721409 0.409707748
9 0.419742558 0.406840779 0.34096329200000003 0.402968247 0.334464339 0.46082533000000003 0.411905057 0.46372634599999996 0.419742558 0.406840779
9 0.333454095 0.405928632 0.261932751 0.403323956 0.25694708200000005 0.460117459 0.335887937 0.461955948 0.333454095 0.405928632
9 0.258937112 0.40309571 0.18309367599999998 0.39819340799999997 0.172197024 0.457046214 0.249714282 0.457754085 0.258937112 0.40309571
9 0.244638059 0.521520614 0.251061341 0.461077848 0.17500595000000002 0.460404023 0.16566831099999998 0.518352115 0.244638059 0.521520614
9 0.32789735600000003 0.523227802 0.333047001 0.462083603 0.251061341 0.461077848 0.24318557000000002 0.519059985 0.32789735600000003 0.523227802
9 0.40830007999999995 0.525100338 0.41192437 0.466116899 0.330040466 0.461819764 0.323511753 0.523125665 0.40830007999999995 0.525100338
9 0.491664809 0.525944393 0.493802545 0.468023796 0.411905057 0.46372634599999996 0.409838487 0.52294124 0.491664809 0.525944393
9 0.574952998 0.528981592 0.5786432340000001 0.468901546 0.496655114 0.466797591 0.49162654 0.5270409650000001 0.574952998 0.528981592
9 0.656932399 0.5275984570000001 0.662021813 0.469745244 0.577096108 0.46757355300000003 0.57356767 0.526754402 0.656932399 0.5275984570000001
9 0.742952974 0.536186608 0.745362099 0.471686193 0.658960698 0.469480135 0.658279457 0.530922219 0.742952974 0.536186608
9 0.830665036 0.538229373 0.833050423 0.474826548 0.7451726240000001 0.472585426 0.745953249 0.534061557 0.830665036 0.538229373
9 0.8344185230000001 0.603341139 0.8350123700000001 0.539428083 0.74591498 0.5351581280000001 0.746695605 0.596634259 0.8344185230000001 0.603341139
9 0.74587671 0.536254701 0.655452753 0.5321864040000001 0.658907003 0.5967846379999999 0.74361879 0.600952456 0.74587671 0.536254701
9 0.653779045 0.5341097969999999 0.579461311 0.529318462 0.574195216 0.5926168199999999 0.654483131 0.597779072 0.653779045 0.5341097969999999
9 0.576338326 0.531208782 0.491734695 0.527275358 0.48944516 0.5895455749999999 0.571271481 0.592548728 0.576338326 0.531208782
9 0.490164672 0.5270069190000001 0.409894814 0.52427121 0.407618838 0.586542422 0.487945022 0.590608101 0.490164672 0.5270069190000001
9 0.41268568299999997 0.525202476 0.32659282100000003 0.521233009 0.322830512 0.5845677490000001 0.40615697 0.586508376 0.41268568299999997 0.525202476
9 0.324973621 0.5231597100000001 0.24906268299999998 0.520525519 0.240965921 0.582661168 0.322792242 0.585664321 0.324973621 0.5231597100000001
9 0.247456363 0.52245184 0.168608324 0.519749924 0.160563196 0.580788633 0.240965921 0.582661168 0.247456363 0.52245184
9 0.23288546 0.64863149 0.240927651 0.583757739 0.160563196 0.580788633 0.154034484 0.642094533 0.23288546 0.64863149
9 0.317802736 0.6473147370000001 0.322753972 0.586760893 0.240965921 0.582661168 0.231360393 0.6482852649999999 0.317802736 0.6473147370000001
9 0.403287459 0.587809621 0.322868782 0.5834711770000001 0.31614872000000005 0.650259939 0.39943690800000003 0.653297137 0.403287459 0.587809621
9 0.492514479 0.588789526 0.401771367 0.586406238 0.39651317399999997 0.653229045 0.485725374 0.654209285 0.492514479 0.588789526
9 0.571353553 0.593920073 0.486521425 0.589477483 0.487110701 0.656436475 0.572013837 0.6551214320000001 0.571353553 0.593920073
9 0.65761806 0.595929125 0.5726950789999999 0.593679346 0.566089827 0.6571783910000001 0.652263481 0.6613802550000001 0.65761806 0.595929125
9 0.7467301989999999 0.600200785 0.657483406 0.5956540199999999 0.653648809 0.663607445 0.7442463370000001 0.6668148740000001 0.7467301989999999 0.600200785
9 0.831494301 0.603273036 0.75092813 0.6011226860000001 0.7442846080000001 0.665718303 0.8348055950000001 0.671118878 0.831494301 0.603273036
9 0.23442415700000002 0.646471039 0.15399621400000002 0.643191106 0.145890825 0.7077526759999999 0.227793686 0.708562685 0.23442415700000002 0.646471039
9 0.31622574600000003 0.6505724380000001 0.234360668 0.646160213 0.22921728300000002 0.709693303 0.309466928 0.715952128 0.31622574600000003 0.6505724380000001
9 0.39810392 0.652479336 0.320610862 0.648168932 0.311005335 0.713793028 0.39136979000000005 0.716762136 0.39810392 0.652479336
9 0.484406721 0.6533911379999999 0.399551718 0.650007421 0.394140445 0.721216517 0.481929047 0.7210661380000001 0.484406721 0.6533911379999999
9 0.574980971 0.6576968480000001 0.484186966 0.656368383 0.481929047 0.7210661380000001 0.571026437 0.725336093 0.574980971 0.6576968480000001
9 0.655110677 0.663641491 0.5674751539999999 0.659405582 0.565064157 0.728489626 0.651390891 0.728305201 0.655110677 0.663641491
9 0.6541998160000001 0.731663008 0.746406428 0.735264831 0.744131528 0.670104592 0.6564960049999999 0.665868683 0.6541998160000001 0.731663008
9 0.835280063 0.7413675839999999 0.833506435 0.671404763 0.747093534 0.669076112 0.74775935 0.7338419589999999 0.835280063 0.7413675839999999