9 0.7311177407754478 0.5972358208460705 0.10651859064875498 0.09372870573643445
9 0.7716126794763564 0.6567670958612053 0.1267629615577498 0.1090103639719457
9 0.6416653041530332 0.4511606075215963 0.10446622545397032 0.09060053991288328
9 0.2743134127230307 0.6363858472528616 0.10964077610325239 0.10092095447176098
9 0.5865681657121014 0.35623217174160354 0.10343131532411394 0.0885364570011077
9 0.3628545197358055 0.6730251434891114 0.11469314129803707 0.10424136903063891
9 0.30808283064559144 0.5681287491650063 0.11160586597339602 0.09904912029531215
9 0.5555093441525061 0.5225533527412344 0.10346622545397031 0.0905364570011077
9 0.29619489350190575 0.6882315884001484 0.12178041662267822 0.109689949413068
9 0.6132213355811905 0.5097701616242171 0.10753604571368305 0.09479278864820992
9 0.7043046851905668 0.6634414993163547 0.11162332103832431 0.10004912029531216
9 0.3778223997373873 0.44324271881284705 0.10246622545397031 0.0904723740893321
9 0.12938855376372763 0.3738821981483945 0.12967568623310888 0.10420261270727246
9 0.4061689703864058 0.4935049988866751 0.10955350077861135 0.09592095447176109
9 0.45654399480047014 0.7184848542842388 0.11672805142789343 0.10636953485419008
9 0.6405504511652809 0.5589683587862696 0.10450113558382668 0.09260053991288328
9 0.3267247423326706 0.7491220342975276 0.1168153267525347 0.11136953485419007
9 0.22899075350375114 0.4147264064141756 0.11055350077861135 0.09598503738353656
9 0.6108623711663353 0.4032381201683294 0.09937895012932904 0.08528012535400535
9 0.5838719748007338 0.6881874669915112 0.11367568623310899 0.10317728611886332
9 0.49025231999578206 0.6467277561963837 0.10960586597339603 0.09892095447176098
9 0.4608272015545865 0.5919013932107801 0.11262332103832431 0.10011320320708773
9 0.19166897038640582 0.4797592143108162 0.11460586597339602 0.0992413690306389
9 0.4340417236328167 0.5452352375046152 0.10550113558382668 0.09266462282465864
9 0.4371042114257846 0.4345556520634932 0.10750113558382668 0.09279278864821003
9 0.49584238545186127 0.4233365438582515 0.10143131532411383 0.08840829117755652
9 0.5531503797376508 0.41602131128534653 0.10548368051889838 0.09166462282465887
9 0.39865884778822264 0.6068962112248073 0.10960586597339603 0.09892095447176098
9 0.49623625999657295 0.5317404194905883 0.11053604571368306 0.09498503738353656
9 0.6710031472695878 0.5009869705071999 0.10344877038904202 0.0895364570011077
9 0.29126383765968433 0.40573158840014845 0.10548368051889849 0.09166462282465887
9 0.35258055947793804 0.3991726874743457 0.10548368051889849 0.09166462282465887
9 0.5544643114244664 0.6343611040059077 0.11262332103832431 0.10011320320708773
9 0.20317909298458903 0.3666243336197864 0.10550113558382668 0.09266462282465886
9 0.5807860945418117 0.5686233840797356 0.10955350077861135 0.09592095447176098
9 0.7007537150615011 0.5458453749486915 0.11257095584353966 0.09711320320708773
9 0.46588096181509026 0.480849973593209 0.10346622545397031 0.0905364570011077
9 0.3449046137629368 0.5030638998124778 0.10650113558382668 0.09272870573643445
9 0.6734406594766199 0.6120190119630877 0.11458841090846772 0.0982413690306389
9 0.527856174283417 0.3689512799468452 0.09937895012932926 0.08528012535400546
9 0.39385818596917804 0.7324476308423782 0.12586769194731925 0.11494628106017012
9 0.5834009475295643 0.46091175718272576 0.10241386025918564 0.0874723740893321
9 0.3340166766192511 0.6232308219593955 0.11565823116818069 0.1023054519424145
9 0.316619135841167 0.45630161973864974 0.11155350077861136 0.09604912029531215
9 0.611685030385615 0.6220458714330027 0.10753604571368305 0.09479278864820981
9 0.6471363314242028 0.6787567318892598 0.1227804166226781 0.1097540323248436
9 0.2518285966203056 0.46413623047323804 0.10853604571368317 0.09485687155998562
9 0.4117925509066224 0.3864856207249918 0.10143131532411394 0.08840829117755652
9 0.5246802285684157 0.4731308653879674 0.10750113558382668 0.09279278864820992
9 0.5236177407754479 0.5839386166526407 0.10753604571368305 0.09479278864821003
9 0.2837100773991806 0.5166228007382805 0.11360586597339602 0.09917728611886333
9 0.2164369932432474 0.52529720419343 0.10958841090846784 0.09792095447176098
9 0.2639870872703787 0.3595333912380959 0.10857095584353965 0.09685687155998551
9 0.4290752386969541 0.6612866571221864 0.11769314129803707 0.10443361776596566
9 0.23838829428183528 0.5811429453407168 0.11869314129803707 0.10449770067774125
9 0.3742773670093477 0.5548902627980814 0.11464077610325239 0.1012413690306389
9 0.5242298036317623 0.7048424922849773 0.12281532675253447 0.11175403232484336
9 0.47206563506255556 0.37736263688741356 0.10346622545397031 0.0905364570011077
9 0.38696343532253213 0.3374476308423783 0.10353604571368316 0.09453645700110769
9 0.16477876207506673 0.4270930586046516 0.10751859064875492 0.09379278864820992
9 0.5558088703877239 0.31080968438833656 0.10044877038904201 0.08934420826578093
9 0.32423398882891946 0.3489104074005176 0.10344877038904202 0.0895364570011077
9 0.44228015714078583 0.3305042324459222 0.10043131532411383 0.08834420826578093
9 0.4980357862317908 0.32009287550535387 0.105448770389042 0.08966462282465887