9 0.403 0.6535 0.0965 0.0745
9 0.4015 0.578 0.095 0.0725
9 0.4535 0.772 0.0965 0.084
9 0.4945 0.506 0.093 0.0675
9 0.3545 0.547 0.09 0.0665
9 0.5375 0.404 0.0865 0.0635
9 0.354 0.6175 0.092 0.071
9 0.676 0.4305 0.097 0.0705
9 0.3085 0.512 0.092 0.0705
9 0.4435 0.343 0.0855 0.0625
9 0.3995 0.4425 0.0905 0.066
9 0.6255 0.398 0.0865 0.0655
9 0.728 0.462 0.0925 0.0685
9 0.6315 0.466 0.0895 0.0655
9 0.4515 0.692 0.095 0.075
9 0.534 0.3385 0.0845 0.063
9 0.492 0.44 0.0915 0.067
9 0.355 0.479 0.087 0.0655
9 0.2175 0.447 0.0925 0.0695
9 0.5805 0.4355 0.091 0.069
9 0.589 0.503 0.094 0.07
9 0.265 0.482 0.088 0.0645
9 0.7345 0.5365 0.093 0.07
9 0.3545 0.4135 0.086 0.0625
9 0.2175 0.515 0.093 0.0695
9 0.4455 0.408 0.0855 0.0635
9 0.6825 0.5 0.097 0.072
9 0.79 0.4995 0.1145 0.0765
9 0.45 0.614 0.0925 0.071
9 0.353 0.694 0.0935 0.0735
9 0.448 0.5435 0.089 0.0655
9 0.5795 0.37 0.0925 0.067
9 0.5945 0.5725 0.096 0.074
9 0.5005 0.651 0.099 0.075
9 0.3065 0.5815 0.094 0.071
9 0.4975 0.5755 0.095 0.073
9 0.5435 0.541 0.09 0.068
9 0.54 0.47 0.0885 0.0645
9 0.4025 0.7305 0.099 0.081
9 0.44 0.2785 0.086 0.065
9 0.261 0.6195 0.0915 0.068
9 0.6465 0.6115 0.095 0.0715
9 0.3085 0.4465 0.0905 0.0675
9 0.447 0.476 0.0875 0.0655
9 0.2635 0.5485 0.091 0.0685
9 0.5035 0.7295 0.1025 0.0825
9 0.4895 0.374 0.0905 0.067
9 0.6005 0.652 0.0995 0.0775
9 0.3045 0.658 0.097 0.078
9 0.3985 0.378 0.09 0.065
9 0.402 0.5095 0.093 0.067
9 0.547 0.6115 0.0925 0.0725
9 0.2145 0.585 0.0965 0.0725
9 0.636 0.5375 0.093 0.069
9 0.4875 0.307 0.0905 0.066
9 0.553 0.6895 0.1 0.075
9 0.17 0.551 0.087 0.0665
9 0.352 0.345 0.086 0.064
9 0.3095 0.381 0.095 0.0665
9 0.401 0.315 0.086 0.065
9 0.171 0.485 0.09 0.065
9 0.6895 0.5725 0.103 0.075
9 0.116 0.5235 0.1085 0.076
9 0.267 0.4165 0.087 0.064