8 0.963282643 0.941967911 0.9449953839999999 0.276870761 0.18239840799999998 0.23932021599999997 0.12241643399999999 0.763239197 0.963282643 0.941967911
10 0.854109464 0.325618777 0.240525566 0.289332901 0.194443315 0.730258544 0.8616780220000001 0.856499519 0.854109464 0.325618777
9 0.202944331 0.6690989150000001 0.265362875 0.678684075 0.273597572 0.623284979 0.209554088 0.609436543 0.202944331 0.6690989150000001
9 0.27861242399999997 0.564978272 0.216161687 0.5565471209999999 0.207836464 0.611655596 0.27205945000000004 0.6193826 0.27861242399999997 0.564978272
9 0.280359423 0.565499897 0.283627277 0.506671562 0.21611264600000002 0.498485517 0.211169594 0.554343652 0.280359423 0.565499897
9 0.28849852800000003 0.453261999 0.222722814 0.44552718199999997 0.216148547 0.49726123 0.283627277 0.506671562 0.28849852800000003 0.453261999
9 0.229343119 0.445220372 0.291790173 0.453721041 0.295051502 0.39885767 0.229182694 0.390901145 0.229343119 0.445220372
9 0.293339463 0.344530027 0.232264522 0.342159208 0.230792617 0.39235495200000003 0.286858289 0.39648578300000004 0.293339463 0.344530027
9 0.29509185000000004 0.344914624 0.299856537 0.29134998300000003 0.237171675 0.287525358 0.232300422 0.340934921 0.29509185000000004 0.344914624
9 0.268510919 0.68404026 0.341072688 0.693281998 0.349305415 0.633842913 0.27860683999999997 0.6215249679999999 0.268510919 0.68404026
9 0.35271034500000004 0.574082398 0.28368753700000005 0.56473397 0.275279295 0.622290214 0.34765959199999996 0.633613393 0.35271034500000004 0.574082398
9 0.354392068 0.573087632 0.357804102 0.5172574449999999 0.285273099 0.506901082 0.28369349299999996 0.560769686 0.354392068 0.573087632
9 0.359304804 0.46190708599999997 0.288602568 0.45348447399999997 0.286918921 0.507130602 0.357761098 0.514551403 0.359304804 0.46190708599999997
9 0.361066705 0.462359998 0.364283755 0.404824663 0.290149934 0.396944823 0.28849852800000003 0.453261999 0.361066705 0.462359998
9 0.36915500700000003 0.3514151 0.303286407 0.34728746 0.293441579 0.397403863 0.36753949999999996 0.406507991 0.36915500700000003 0.3514151
9 0.36930985099999997 0.35034457300000005 0.37238043499999995 0.297776017 0.299820636 0.29257427 0.29827693 0.345218587 0.36930985099999997 0.35034457300000005
9 0.42684416599999997 0.5819622379999999 0.352859482 0.573150378 0.349341315 0.6326186269999999 0.426659081 0.644630367 0.42684416599999997 0.5819622379999999
9 0.430099911 0.5836455660000001 0.43187841200000004 0.5275875720000001 0.35940692 0.514780923 0.354392068 0.573087632 0.430099911 0.5836455660000001
9 0.43340272399999996 0.471011212 0.36099486000000003 0.464810086 0.35944282 0.513556637 0.431859018 0.523655529 0.43340272399999996 0.471011212
9 0.433602686 0.46878543300000003 0.43838167499999997 0.41392879099999996 0.36263793299999997 0.404595143 0.357658981 0.461677565 0.433602686 0.46878543300000003
9 0.441678906 0.357841134 0.370920024 0.35179917699999996 0.365929578 0.405054183 0.43505413 0.41469403699999996 0.441678906 0.357841134
9 0.440056046 0.361440628 0.441648588 0.302518724 0.37073461300000005 0.297546496 0.365791561 0.35340463299999997 0.440056046 0.361440628
9 0.5090994 0.5946625400000001 0.5109987770000001 0.53493124 0.43343304 0.526333623 0.42848998899999996 0.5821917590000001 0.5090994 0.5946625400000001
9 0.43359635300000005 0.525367041 0.507495062 0.536662036 0.512545814 0.477131041 0.433438624 0.469786926 0.43359635300000005 0.525367041
9 0.512651206 0.47857919 0.507685731 0.41744720999999996 0.436735853 0.41369927100000004 0.43340272399999996 0.471011212 0.512651206 0.47857919
9 0.5174944490000001 0.364726208 0.441809909 0.357995052 0.436771753 0.412474983 0.51416132 0.42203815 0.5174944490000001 0.364726208
9 0.5160279090000001 0.363425002 0.519253556 0.304736173 0.44175629 0.298845865 0.438387259 0.357382093 0.5160279090000001 0.363425002
9 0.595063517 0.36816794399999997 0.520966198 0.36411367699999997 0.51423312 0.419589578 0.5884028419999999 0.426245131 0.595063517 0.36816794399999997
9 0.596830293 0.36977318400000003 0.5967867240000001 0.309402194 0.517643634 0.303282366 0.515848627 0.364496688 0.596830293 0.36977318400000003
9 0.673645769 0.618838855 0.6756442779999999 0.5566620339999999 0.591503819 0.545918998 0.5846995429999999 0.608893333 0.673645769 0.618838855
9 0.673944138 0.49595117099999997 0.595063763 0.486381976 0.589857997 0.545689477 0.672256831 0.553492633 0.673944138 0.49595117099999997
9 0.677368552 0.49785989399999997 0.675739145 0.434736848 0.595022033 0.42593892699999997 0.591509403 0.489372302 0.677368552 0.49785989399999997
9 0.5984700550000001 0.42658434999999995 0.674021521 0.436955901 0.679108174 0.376200619 0.595171217 0.364495085 0.5984700550000001 0.42658434999999995
9 0.6776685969999999 0.374896322 0.677575636 0.315751542 0.5967867240000001 0.309402194 0.593417694 0.367938424 0.6776685969999999 0.374896322
9 0.6759443230000001 0.43369846100000004 0.76472127 0.443458085 0.764942255 0.379565669 0.6742066059999999 0.374287772 0.6759443230000001 0.43369846100000004
9 0.7617631730000001 0.381703621 0.763337916 0.321565165 0.677611536 0.314527257 0.677498252 0.374746812 0.7617631730000001 0.381703621
9 0.764977186 0.441194435 0.857066841 0.450189789 0.854067981 0.38338976 0.764978155 0.37834138300000003 0.764977186 0.441194435
9 0.8576022860000001 0.326185954 0.766737262 0.318351348 0.7665162769999999 0.382243764 0.853996181 0.38583833399999995 0.8576022860000001 0.326185954
9 0.5879911879999999 0.6093523729999999 0.589939531 0.548400131 0.510822607 0.53589679 0.505735955 0.5966520719999999 0.5879911879999999 0.6093523729999999
9 0.512509914 0.47835532799999997 0.5109987770000001 0.53493124 0.589822096 0.546913764 0.5915812029999999 0.48692372899999997 0.512509914 0.47835532799999997
9 0.58676144 0.487684273 0.591622686 0.429152745 0.519206489 0.419053852 0.5124381130000001 0.4808039 0.58676144 0.487684273
9 0.7597811090000001 0.50566268 0.761465526 0.44177475800000005 0.677384967 0.434966368 0.673908238 0.497175457 0.7597811090000001 0.50566268
9 0.856972605 0.5167565359999999 0.852165273 0.448276942 0.763147248 0.440779992 0.764572086 0.504901928 0.856972605 0.5167565359999999
9 0.855140564 0.5792338079999999 0.855164134 0.5150769709999999 0.764607986 0.503677641 0.7612030569999999 0.563438156 0.855140564 0.5792338079999999
9 0.7640942159999999 0.633911045 0.7612412590000001 0.56859907 0.6722209299999999 0.554716919 0.673645769 0.618838855 0.7640942159999999 0.633911045
9 0.764428486 0.509799073 0.6757224559999999 0.497630336 0.673974454 0.55127358 0.7644588019999999 0.565121483 0.764428486 0.509799073
9 0.85790611 0.646993702 0.855068719 0.581683897 0.7660687239999999 0.56657529 0.765775939 0.632916278 0.85790611 0.646993702
9 0.859419581 0.7151365009999999 0.8595878330000001 0.6459989359999999 0.760874372 0.631003431 0.763765531 0.70147632 0.859419581 0.7151365009999999
9 0.762484294 0.632457238 0.6704841239999999 0.619905233 0.670061338 0.684720804 0.7638373319999999 0.6990277469999999 0.762484294 0.632457238
9 0.673645769 0.618838855 0.586533239 0.608197757 0.5861602810000001 0.671790981 0.673317085 0.686404131 0.673645769 0.618838855
9 0.584335641 0.739507084 0.586232081 0.669342409 0.505622671 0.656871628 0.503755863 0.720534523 0.584335641 0.739507084
9 0.5846995429999999 0.608893333 0.5091667360000001 0.597408513 0.507268493 0.657101148 0.586267982 0.668118122 0.5846995429999999 0.608893333
9 0.507417678 0.595657306 0.430190061 0.585164666 0.42501325900000003 0.644400846 0.507268493 0.657101148 0.507417678 0.595657306
9 0.41997751899999997 0.707975934 0.42504915899999995 0.64317656 0.349305415 0.633842913 0.34250114000000004 0.6968172469999999 0.41997751899999997 0.707975934
9 0.503856558 0.722133499 0.503940947 0.657866394 0.428269004 0.646084174 0.421500629 0.7078342219999999 0.503856558 0.722133499
9 0.669896699 0.752669163 0.670025438 0.6859450890000001 0.5861602810000001 0.671790981 0.585939297 0.735683397 0.669896699 0.752669163
9 0.763580469 0.7706541690000001 0.7636937309999999 0.703924892 0.674962907 0.686633651 0.6697326530000001 0.752286079 0.763580469 0.7706541690000001
9 0.862586693 0.712798964 0.763765531 0.70147632 0.765118569 0.768046829 0.860432685 0.786256151 0.862586693 0.712798964
9 0.858544778 0.857700787 0.858607362 0.792148063 0.7665848909999999 0.77439778 0.766292106 0.840738769 0.858544778 0.857700787
9 0.761755124 0.77003636 0.676208244 0.7568770180000001 0.670977991 0.822529446 0.764682183 0.8392849609999999 0.761755124 0.77003636
9 0.669696753 0.7535103639999999 0.584335641 0.739507084 0.5822112660000001 0.80646249 0.671013891 0.82130516 0.669696753 0.7535103639999999
9 0.584293474 0.7354538770000001 0.5071128269999999 0.723817661 0.503427177 0.788099798 0.5789914209999999 0.803554878 0.584293474 0.7354538770000001
9 0.505329886 0.723212615 0.42323378700000003 0.7096600949999999 0.419633821 0.771497117 0.503463078 0.7868755119999999 0.505329886 0.723212615
9 0.418208983 0.707375181 0.34923132199999996 0.696879878 0.34077793300000003 0.755582997 0.417987999 0.771267597 0.418208983 0.707375181
9 0.34089121699999997 0.6953634409999999 0.270084942 0.686718355 0.26846943599999995 0.741811245 0.339096211 0.756577763 0.34089121699999997 0.6953634409999999
9 0.268618619 0.680367402 0.202836564 0.672774049 0.19777086 0.7294932989999999 0.266787712 0.74280601 0.268618619 0.680367402