9 0.7223208148010354 0.5773764758070827 0.12215195953045441 0.10614868496900726
9 0.6642433021543023 0.6126257956186382 0.11376746205980089 0.0994487756607998
9 0.7294698916677755 0.4927828675130087 0.11663929623624972 0.09771124165137758
9 0.8368350109767457 0.4969653248474979 0.12302379370690324 0.10423617363253311
9 0.7772895397859004 0.5328458776543421 0.11570337914802531 0.09862375298785173
9 0.6218597542236995 0.23370059156210488 0.10187030129494291 0.08448640036201459
9 0.6078386600812126 0.6582876267666677 0.12228012535400558 0.10814868496900726
9 0.4177381201683294 0.5713417965236748 0.1113829645891475 0.0932737983337479
9 0.6577613305337774 0.34670716465161605 0.11012663294204526 0.08918630967022205
9 0.6727448350358082 0.5334446986610383 0.11038296458914738 0.09318630967022204
9 0.6173595711244018 0.5714752968137788 0.11563929623624972 0.09762375298785173
9 0.40865849129863524 0.38257933053309706 0.10187030129494291 0.08448640036201459
9 0.5981197349752688 0.3810877174584604 0.10299846711849409 0.08657388902554056
9 0.4898171656965683 0.4564301921051268 0.10506255003026968 0.08774886635259235
9 0.7853871970350697 0.4552085250285052 0.11238296458914737 0.09336128699727396
9 0.5700706146799566 0.2729249793925047 0.10712663294204526 0.08892384367964427
9 0.5150251434891113 0.3084118332134825 0.10287030129494291 0.08457388902554056
9 0.4755272597120723 0.5315924767121194 0.10512663294204526 0.08874886635259235
9 0.7421636732846082 0.41625181590130506 0.11451113041269854 0.09553626432432577
9 0.5434533961698063 0.6971056228911418 0.11383154497157648 0.10044877566079981
9 0.35490139321078007 0.42247869569054874 0.10612663294204526 0.08883635501611832
9 0.5034094578604669 0.6528427034416009 0.11483154497157648 0.10053626432432566
9 0.4386882334322642 0.4981108356037637 0.11019071585382084 0.09018630967022205
9 0.5431703881520868 0.41807457127943803 0.10719071585382085 0.08992384367964427
9 0.5161867005507583 0.5697679074981342 0.11244704750092296 0.09436128699727396
9 0.37861072078553115 0.5335351327423711 0.10612663294204526 0.08883635501611821
9 0.30029183910815926 0.45692180517976344 0.10299846711849409 0.08657388902554056
9 0.6121339311509791 0.30946917718323075 0.10499846711849409 0.08674886635259235
9 0.46320396248948054 0.3471362210438823 0.10606255003026968 0.08783635501611832
9 0.32582158124178817 0.5728470092362968 0.11244704750092308 0.09436128699727396
9 0.44262031831672394 0.692854489243734 0.10851113041269866 0.09501133234317012
9 0.45022180776965787 0.41916727265558595 0.11119071585382084 0.09027379833374789
9 0.5052993204163909 0.3841804188346083 0.1019343842067185 0.08548640036201459
9 0.6275533527412344 0.49516296686089006 0.11238296458914761 0.09336128699727396
9 0.7535817450926552 0.34335199728489035 0.11431888167737202 0.09253626432432566
9 0.8944639432410497 0.4547160050359424 0.11857521332447414 0.09688621897842939
9 0.4054608774780379 0.6543728481353784 0.10663929623624972 0.09683635501611844
9 0.6385869270786281 0.41626314824447525 0.11025479876559643 0.09118630967022204
9 0.3411435286821719 0.4980972359657783 0.10925479876559643 0.09109882100669608
9 0.6679551121506099 0.27039483469872716 0.11219071585382084 0.09036128699727385
9 0.5586205014160216 0.3453247980089195 0.10719071585382085 0.08992384367964427
9 0.3647246904333719 0.6071536730176006 0.10212663294204526 0.08848640036201459
9 0.7976771030195656 0.38022121774856443 0.10812663294204526 0.08901133234317013
9 0.5305727309029176 0.4961056228911417 0.10825479876559643 0.09101133234317013
9 0.26045281282835103 0.4237026300619856 0.10525479876559643 0.09074886635259236
9 0.5641985974042099 0.6128309176394676 0.1113829645891476 0.0932737983337479
9 0.46418593411000536 0.6135360396602971 0.1103829645891475 0.09318630967022204
9 0.3675631333717248 0.3454476440788451 0.10725479876559643 0.09092384367964428
9 0.6869706581085285 0.45728241405404574 0.10925479876559643 0.09109882100669608
9 0.4896769199202678 0.7445487323803565 0.12085687155998562 0.11697370764195535
9 0.3170497036367674 0.3810407989139561 0.10299846711849409 0.08657388902554056
9 0.3952404194905882 0.45565412647656367 0.10599846711849409 0.08683635501611832
9 0.5880861606378751 0.4599000474113492 0.10599846711849409 0.08683635501611843
9 0.5735399230062769 0.5310623320183417 0.10925479876559621 0.0910988210066962
9 0.42373677038612123 0.3118733015943415 0.1009343842067185 0.08539891169848875
9 0.4741861172093031 0.27528014675923057 0.10831888167737203 0.09201133234317012
9 0.710454345709857 0.3058952881576902 0.10699846711849409 0.08692384367964427
9 0.6976003568135855 0.37992633976939383 0.11006255003026967 0.08818630967022205
9 0.2464386166526407 0.49532117033721523 0.10112663294204526 0.08839891169848875
9 0.8428365438582516 0.41800294954871264 0.11451113041269854 0.09553626432432566
9 0.5338277127678117 0.24089959395238617 0.10293438420671851 0.08557388902554056
9 0.27775826477076554 0.5368277434267263 0.10599846711849409 0.08683635501611843
9 0.5802003133850134 0.1956126494396159 0.11557521332447414 0.09662375298785161
9 0.20500346600516917 0.4607332282147263 0.11012663294204526 0.08918630967022205