9 0.6896463404244447 0.37379850440862605 0.08155944230982232 0.06979366155933986
9 0.7007751904546892 0.4226477121035435 0.08046634127640004 0.06575874078984804
9 0.7368013920955561 0.5752826371120253 0.08567581860159998 0.07493334463730685
9 0.7119505910016448 0.47349691979846104 0.08462926808488896 0.07289842386781505
9 0.5867544235242005 0.5465619820730091 0.08048961653475567 0.06675874078984816
9 0.6214605564122448 0.38490643169844135 0.07844306601804464 0.06468889925086455
9 0.7510466184175782 0.6292366071154181 0.08460599282653357 0.07189842386781492
9 0.5420125416393339 0.6634032455221511 0.08669909385995561 0.07596826540679877
9 0.7235910786610671 0.5228635878781244 0.08251289179311107 0.06782858232883154
9 0.4901122636462003 0.4082968901255307 0.0763965155013334 0.06261905771188117
9 0.6534285699072228 0.5349016736289561 0.08462926808488874 0.07289842386781516
9 0.3790333085698227 0.5298159224034714 0.08046634127640004 0.06575874078984816
9 0.5532810432197117 0.7182524532170684 0.08458271756817771 0.07089842386781493
9 0.7658267576271339 0.6847080375035566 0.08876891963502248 0.07903810694578214
9 0.5969414617003338 0.5978762689984348 0.08365254334324436 0.07386350309832324
9 0.499729476047267 0.4565937166662105 0.07948961653475567 0.06672382002035625
9 0.5654152600594671 0.4453984874526659 0.07941979075968902 0.06372382002035624
9 0.3170811132504672 0.5940984535407454 0.08251289179311107 0.06782858232883154
9 0.24169665343295602 0.5534968562136102 0.08248961653475562 0.06682858232883154
9 0.6412415317310892 0.483517545164547 0.07846634127640005 0.06568889925086455
9 0.6646156080833561 0.5862508813238736 0.08253616705146669 0.06882858232883154
9 0.44571909258202264 0.5186556139594186 0.08355944230982232 0.06986350309832323
9 0.30835916218680043 0.5413365477695573 0.08560599282653333 0.07193334463730684
9 0.39437247203455605 0.6307698924068641 0.08255944230982232 0.06982858232883155
9 0.6921060607274006 0.6941239005611674 0.08360599282653357 0.07186350309832323
9 0.4543712178706227 0.5684175197306066 0.0805361670514667 0.06875874078984816
9 0.3698811832812226 0.48003655624753744 0.08255944230982232 0.06982858232883155
9 0.3359551896027339 0.6966746462373592 0.08458271756817783 0.07089842386781493
9 0.2575474545268672 0.6549682866017488 0.08455944230982232 0.06989842386781493
9 0.6783724720345561 0.6406873909425206 0.08467581860159999 0.07489842386781492
9 0.35971742036344484 0.4297222693221117 0.07844306601804442 0.06468889925086455
9 0.4855836215783339 0.7288778408916298 0.08662926808488897 0.07296826540679854
9 0.47433839525631166 0.6750286331967122 0.08358271756817783 0.07086350309832323
9 0.633101044071667 0.43427309977810474 0.0805361670514667 0.06875874078984805
9 0.531197489542245 0.6065714982119794 0.08155944230982232 0.06979366155933986
9 0.5098932389650448 0.5069080035916362 0.07846634127640005 0.06568889925086455
9 0.4148092672329336 0.37119529279839547 0.07746634127640005 0.06565397848137286
9 0.5770673853480671 0.4952651555323292 0.08458271756817794 0.07089842386781504
9 0.29004327398042257 0.44127781545768935 0.08255944230982232 0.06982858232883155
9 0.608686688022356 0.6517429370780982 0.08258271756817794 0.07082858232883155
9 0.30516048638148924 0.48976670623057383 0.08048961653475567 0.06675874078984793
9 0.24889532923826718 0.6052063808305608 0.08665254334324453 0.07396826540679853
9 0.3252099632807116 0.6428428989271877 0.08662926808488897 0.07296826540679854
9 0.42441484200482255 0.4189921193390753 0.08151289179311118 0.06779366155933986
9 0.4026409736149339 0.6855143377933064 0.08769909385995561 0.07600318617629023
9 0.267315956107245 0.7097651131424286 0.08972236911831123 0.07707302771527384
9 0.22127602656397813 0.44886828236275883 0.08151289179311118 0.06779366155933986
9 0.4355320544058893 0.4673413270339928 0.07944306601804442 0.06472382002035625
9 0.23203289051517817 0.5032000296729304 0.08862926808488897 0.07303810694578203
9 0.4630233431592227 0.6181794255017947 0.08562926808488897 0.07293334463730684
9 0.3852436220043116 0.5819905262509301 0.08460599282653333 0.07189842386781492
9 0.5195802771411782 0.5582048301323161 0.08158271756817793 0.07079366155933985
9 0.2809144239501781 0.39249844930175537 0.07739651550133339 0.06265397848137286
9 0.5552049466249781 0.39308420052724014 0.07948961653475567 0.06672382002035625
9 0.34182842984571177 0.7558317897000721 0.08869909385995561 0.07603810694578214
9 0.2750844576876229 0.7644920981441251 0.08658271756817783 0.07096826540679854
9 0.41387456230777836 0.7388635454882239 0.08258271756817782 0.07082858232883155
9 0.21220536467962256 0.4025889162068248 0.08458271756817783 0.07089842386781516
9 0.5441691976281559 0.3482349928323226 0.07839651550133339 0.06268889925086456
9 0.6234435519735562 0.7062143674662368 0.08667581860159998 0.07496826540679877
9 0.586155627 0.36599456500000005 0.646280946 0.35392280899999995 0.637838221 0.306074911 0.576087401 0.31961550499999997 0.586155627 0.36599456500000005
9 0.6764942151358447 0.3238794551747251 0.07741979075968902 0.06365397848137286
9 0.35008857033320034 0.38092544278143187 0.08253616705146669 0.06882858232883154
9 0.4799834136159559 0.3594826032001049 0.07946634127640004 0.06572382002035625