9 0.514 0.436 0.0685 0.051
9 0.4005 0.493 0.0655 0.047
9 0.632 0.3785 0.0665 0.0485
9 0.298 0.6955 0.067 0.051
9 0.453 0.443 0.065 0.047
9 0.4965 0.7265 0.069 0.0515
9 0.2855 0.55 0.0675 0.052
9 0.7215 0.557 0.069 0.052
9 0.291 0.597 0.064 0.047
9 0.485 0.676 0.07 0.0545
9 0.39 0.403 0.0655 0.0455
9 0.5605 0.7225 0.0725 0.0555
9 0.645 0.4685 0.0685 0.0475
9 0.4255 0.6805 0.0685 0.052
9 0.416 0.5825 0.0665 0.049
9 0.6075 0.6665 0.0735 0.0555
9 0.67 0.608 0.0735 0.054
9 0.64 0.4245 0.072 0.0515
9 0.4215 0.636 0.068 0.054
9 0.5915 0.519 0.069 0.0475
9 0.2975 0.647 0.066 0.054
9 0.6765 0.662 0.073 0.0515
9 0.5695 0.3855 0.072 0.051
9 0.548 0.672 0.0695 0.0525
9 0.2715 0.417 0.0635 0.048
9 0.51 0.3915 0.065 0.047
9 0.343 0.5455 0.0685 0.048
9 0.351 0.5925 0.067 0.0535
9 0.3365 0.453 0.066 0.0465
9 0.575 0.4305 0.067 0.0475
9 0.5925 0.5675 0.072 0.053
9 0.354 0.6415 0.0655 0.0515
9 0.43 0.736 0.07 0.054
9 0.6535 0.513 0.0735 0.0525
9 0.408 0.54 0.0685 0.052
9 0.4605 0.487 0.07 0.051
9 0.599 0.6135 0.0705 0.0515
9 0.484 0.6255 0.0665 0.051
9 0.4715 0.5775 0.068 0.0515
9 0.36 0.6875 0.0675 0.0545
9 0.581 0.4725 0.0715 0.0505
9 0.541 0.618 0.0695 0.0545
9 0.703 0.419 0.067 0.047
9 0.6225 0.717 0.0725 0.0525
9 0.5295 0.5245 0.0695 0.05
9 0.37 0.737 0.0665 0.0525
9 0.341 0.4985 0.0655 0.049
9 0.662 0.561 0.0725 0.051
9 0.277 0.4595 0.0645 0.0485
9 0.525 0.478 0.0655 0.046
9 0.5375 0.57 0.069 0.049
9 0.4675 0.5335 0.0645 0.048
9 0.6975 0.371 0.075 0.0565
9 0.7505 0.6575 0.072 0.0545
9 0.7095 0.461 0.073 0.0525
9 0.6925 0.713 0.0745 0.0545
9 0.7125 0.513 0.0695 0.049
9 0.396 0.448 0.0685 0.05
9 0.302 0.7435 0.067 0.0555
9 0.33 0.412 0.07 0.0505
9 0.448 0.3965 0.0715 0.0515
9 0.7365 0.603 0.0735 0.05
9 0.2815 0.504 0.061 0.0455
9 0.7595 0.708 0.0735 0.052