9 0.169 0.418 0.114 0.0835
9 0.5465 0.7195 0.115 0.09
9 0.778 0.4635 0.1105 0.0785
9 0.287 0.3375 0.114 0.0815
9 0.383 0.581 0.1145 0.087
9 0.5545 0.3795 0.1035 0.078
9 0.506 0.341 0.108 0.078
9 0.6025 0.5855 0.1155 0.0855
9 0.282 0.4185 0.1115 0.083
9 0.3715 0.673 0.1155 0.0885
9 0.4895 0.7695 0.1285 0.1055
9 0.664 0.63 0.1155 0.086
9 0.334 0.457 0.1065 0.0805
9 0.558 0.223 0.103 0.074
9 0.43 0.715 0.1125 0.0875
9 0.4425 0.4585 0.1055 0.0805
9 0.6105 0.3395 0.11 0.081
9 0.778 0.548 0.114 0.0865
9 0.722 0.4235 0.1155 0.085
9 0.2285 0.3755 0.1045 0.078
9 0.223 0.4545 0.106 0.079
9 0.61 0.4225 0.1145 0.0835
9 0.435 0.6245 0.1125 0.085
9 0.7205 0.5035 0.1175 0.086
9 0.6615 0.546 0.112 0.084
9 0.4465 0.3785 0.1045 0.0775
9 0.5565 0.2975 0.105 0.0765
9 0.337 0.377 0.104 0.0775
9 0.665 0.3805 0.106 0.0785
9 0.44 0.542 0.1065 0.081
9 0.328 0.544 0.107 0.08
9 0.492 0.672 0.1215 0.0915
9 0.7205 0.34 0.112 0.081
9 0.4925 0.583 0.1145 0.0855
9 0.5475 0.6275 0.113 0.086
9 0.5515 0.4615 0.1055 0.076
9 0.5 0.422 0.11 0.0815
9 0.3425 0.3025 0.104 0.0775
9 0.3895 0.4205 0.109 0.083
9 0.5495 0.544 0.107 0.081
9 0.8405 0.5065 0.1245 0.091
9 0.5075 0.26 0.107 0.0775
9 0.3195 0.627 0.1135 0.0835
9 0.168 0.4995 0.1105 0.083
9 0.4505 0.2215 0.1055 0.0775
9 0.217 0.542 0.1065 0.077
9 0.603 0.5055 0.1125 0.0835
9 0.398 0.341 0.1095 0.078
9 0.113 0.4545 0.112 0.0805
9 0.897 0.463 0.12 0.082
9 0.4495 0.2975 0.105 0.077
9 0.665 0.461 0.109 0.08
9 0.269 0.581 0.1165 0.0915
9 0.3975 0.2585 0.1135 0.081
9 0.6035 0.6765 0.122 0.0955
9 0.721 0.5885 0.123 0.0875
9 0.5025 0.178 0.116 0.089
9 0.777 0.3815 0.1075 0.08
9 0.2795 0.502 0.11 0.0825
9 0.664 0.299 0.102 0.0755
9 0.3865 0.499 0.112 0.0835
9 0.4995 0.504 0.1115 0.0825
9 0.841 0.426 0.116 0.083
9 0.6125 0.2635 0.1045 0.0815