9 0.257253296698951 0.5459439223149443 0.0709998349594191 0.05212057515269908
9 0.4619070736606542 0.34378373849254457 0.07199983495941899 0.05216715090124694
9 0.23419252859688408 0.4098850133323714 0.07040798138384957 0.057073999404151435
9 0.36264140714346715 0.44575355764938773 0.07208146424430516 0.05316715090124694
9 0.29312112360268133 0.4056562703709624 0.0709998349594191 0.05212057515269919
9 0.339395859126485 0.6369371034560255 0.07457123995362167 0.05926030239834244
9 0.6042435675300105 0.42164132816931227 0.0761630935291912 0.05435345389543795
9 0.44379419386168456 0.530723450916195 0.07748961066873562 0.05840002964398559
9 0.5929886204252498 0.3752920100552042 0.0761630935291912 0.05435345389543795
9 0.3909470631001924 0.5850453453746994 0.07765286923850784 0.06040002964398559
9 0.3814880427832164 0.5362891787576869 0.07324472281407725 0.05521372664979458
9 0.3489670990801067 0.6931699821987642 0.07565286923850784 0.060306878146890085
9 0.654294771503718 0.3696797064651646 0.07308146424430516 0.05321372664979458
9 0.31126368603021537 0.49366860360498765 0.07208146424430516 0.05316715090124694
9 0.4123150550445038 0.3952686480709662 0.07191820567453283 0.05116715090124694
9 0.2747529666177891 0.644386391926148 0.06932635209896341 0.0560274236556038
9 0.4230700021492645 0.4415946783108004 0.07332635209896353 0.05621372664979458
9 0.5928245366525727 0.6173604950842492 0.07781612780828004 0.06240002964398582
9 0.5562331781987462 0.4741961013705554 0.07408146424430516 0.053260302398342445
9 0.57152893994595 0.5212317224788546 0.07548961066873562 0.05830687814689008
9 0.41227325015857486 0.6876508301058202 0.07789775709316621 0.06340002964398582
9 0.4729171329107566 0.3871330566066527 0.0711630935291912 0.05412057515269919
9 0.4825496360881882 0.43191251109793916 0.0721630935291912 0.05416715090124694
9 0.33114091202172424 0.5907275125875606 0.07324472281407736 0.055213726649794806
9 0.6131617732045435 0.469874206912051 0.07640798138384958 0.05735345389543795
9 0.32164107706230527 0.5414713459705481 0.07348961066873562 0.05821372664979481
9 0.5454671816003972 0.6779152682854924 0.08097938637805215 0.06453975688962896
9 0.6839679242830116 0.46470437293321504 0.0751630935291912 0.054306878146890086
9 0.3697330956784557 0.48991657276930484 0.07332635209896342 0.05621372664979458
9 0.3531415721840482 0.3964973910323751 0.0719998349594191 0.05216715090124694
9 0.5800695895478121 0.5709413133473195 0.07724472281407725 0.05540002964398559
9 0.297794441422556 0.45070284611951017 0.0711630935291912 0.05412057515269919
9 0.5467231189486438 0.430916646879269 0.07632635209896353 0.05635345389543795
9 0.22397839613456644 0.364082270966811 0.07191820567453294 0.05116715090124694
9 0.6746202983997767 0.6674934034709736 0.08597938637805237 0.06477263563236761
9 0.5327232839892246 0.3814508893937915 0.07191820567453305 0.05116715090124694
9 0.626671832454646 0.5133399643975285 0.07624472281407725 0.05535345389543772
9 0.6091917033939792 0.6714194040668221 0.07965286923850771 0.0604931811410811
9 0.5046819742250388 0.5260878594518815 0.0741630935291912 0.054260302398342446
9 0.5821010051024766 0.3334426919410961 0.07299983495941888 0.05221372664979458
9 0.494886212477835 0.47930840496059507 0.07532635209896353 0.0563068781468902
9 0.24879427638197502 0.4972343314464795 0.07024472281407736 0.05507399940415143
9 0.4022020102049531 0.6313946634888075 0.07448961066873562 0.05826030239834245
9 0.28253850407430947 0.6970494070460651 0.0748977570931661 0.06326030239834245
9 0.7101410770623051 0.5595660242813484 0.07724472281407725 0.05540002964398559
9 0.4665489759258643 0.6264220871444113 0.079734498523394 0.06149318114108109
9 0.48041614266727084 0.6803645567556148 0.07648961066873562 0.058353453895437724
9 0.5326000148589908 0.6240193744228366 0.07548961066873562 0.05830687814689008
9 0.45525321417866055 0.5795727690303031 0.07632635209896341 0.05635345389543795
9 0.43008006139936683 0.4847576934307175 0.0721630935291912 0.05416715090124694
9 0.652712317015927 0.612678327871388 0.08065286923850772 0.06053975688962896
9 0.3986417372246291 0.34980289058548864 0.07424472281407725 0.05526030239834245
9 0.5171409945420147 0.5749837533145373 0.07832635209896352 0.056446605392533454
9 0.7428040055509154 0.6607071301207682 0.080734498523394 0.06153975688962873
9 0.5222540393815653 0.33862485915395724 0.07648961066873562 0.05835345389543795
9 0.6426622683262864 0.3248071004767826 0.07524472281407725 0.05530687814689009
9 0.24028421713187262 0.4540014527037407 0.06999983495941904 0.05207399940415144
9 0.6705497186084787 0.41626190332201146 0.07548961066873562 0.0583068781468902
9 0.3432947715037179 0.3551946486668147 0.0709998349594191 0.05212057515269919
9 0.6419573699111664 0.5663522976315537 0.07748961066873562 0.058400029643985815
9 0.6962228713877723 0.511100266795871 0.0815712399536219 0.05958633263817671
9 0.7231000973792812 0.6084852060182782 0.0765712399536219 0.05935345389543795
9 0.265712317015927 0.5946535131834091 0.07348961066873562 0.05821372664979481
9 0.2849886204252498 0.36094667950249754 0.0741630935291912 0.054260302398342446