9 0.8254032186972177 0.6577570071570333 0.10329167480468823 0.08172909782824217
9 0.41243306752798253 0.6853859630306386 0.08516948935019059 0.07336513938796406
9 0.5984085394782016 0.38339696532581874 0.08202984883076488 0.06513781298125115
9 0.4532810332427201 0.6225685327246205 0.08311712415540592 0.07021358845015538
9 0.5619645709063589 0.4410553852419061 0.08304730389569295 0.0662135884501555
9 0.5973857636322895 0.6394802002468448 0.09318694441511889 0.07497134313919877
9 0.4658958862304727 0.5156672770237335 0.08508221402554955 0.06836513938796407
9 0.345559178697745 0.5444984452863089 0.08308221402554955 0.06821358845015539
9 0.697067906230209 0.5716335226061826 0.08909966909047762 0.06966824126358143
9 0.7228272015545865 0.6170279093287911 0.09515203428526228 0.07312289407700746
9 0.6181241971402585 0.42583669923500106 0.08908221402554954 0.06866824126358154
9 0.4436365909060952 0.4705381044422902 0.07906475896062125 0.06691048657453814
9 0.5746351958403761 0.5948131399309495 0.08511712415540591 0.07036513938796406
9 0.5636687109045134 0.7103280588351931 0.0953265849345446 0.08312289407700746
9 0.5305642399968364 0.5015926825025152 0.08104730389569295 0.06606203751234671
9 0.390095224411428 0.6357567904491952 0.08915203428526229 0.07266824126358142
9 0.3477559862291546 0.6989605575518567 0.08920439948004696 0.07566824126358142
9 0.6383559148015248 0.5836627699408269 0.09115203428526229 0.07281979220139011
9 0.7323460516852338 0.504399327221191 0.08508221402554955 0.06836513938796418
9 0.551910810645855 0.5516460796150541 0.08909966909047762 0.06966824126358143
9 0.36120894181535385 0.4398245159921347 0.08004730389569306 0.06598626204344248
9 0.6890141459697052 0.6823757679171394 0.0993265849345446 0.08342599595262482
9 0.5392610475282462 0.6565473353159411 0.08511712415540591 0.07036513938796406
9 0.752673772203605 0.6677253979270167 0.09418694441511889 0.07504711860810312
9 0.6494358576594207 0.4746478510365833 0.08706475896062124 0.06751669032577286
9 0.43000428285341447 0.576363584674273 0.08711712415540591 0.07051669032577275
9 0.3793984168800184 0.48065058669796057 0.08402984883076488 0.06528936391905983
9 0.5397227306469096 0.3969262126604629 0.08508221402554955 0.06836513938796418
9 0.36477483635980185 0.5869002914610391 0.08311712415540592 0.07021358845015561
9 0.3050628449311174 0.598853763326779 0.08711712415540591 0.07051669032577275
9 0.4761450589566669 0.6737355930405159 0.09118694441511878 0.0748197922013901
9 0.6105180716849702 0.5336168322804099 0.08606475896062125 0.0674409148568684
9 0.3251864254513341 0.4930208236426743 0.08304730389569306 0.0662135884501555
9 0.49067263661977834 0.5619858882774375 0.08508221402554955 0.06836513938796407
9 0.30648822285420535 0.4516568652023963 0.08304730389569306 0.0662135884501555
9 0.3274530532424565 0.651482935908222 0.08711712415540591 0.07051669032577275
9 0.6303437805175804 0.32489755579966173 0.08308221402554955 0.0682135884501555
9 0.6625977550609738 0.6279434934600788 0.08911712415540592 0.07066824126358143
9 0.44083200337178574 0.7389697884255076 0.09327421973975993 0.07997134313919878
9 0.3741025568781731 0.7493928320089172 0.08511712415540591 0.07036513938796406
9 0.5009479919433649 0.72155420429422 0.08618694441511877 0.0744409148568684
9 0.4780543768805457 0.41122813358839416 0.08004730389569306 0.06598626204344259
9 0.7880130103858786 0.6039912025420251 0.09111712415540592 0.0708197922013901
9 0.2878210046716682 0.5551034680898574 0.07801239376583657 0.06383471110563368
9 0.6798885537637277 0.41703477830706986 0.0820123937658368 0.06413781298125115
9 0.5837587763605927 0.48814667008889717 0.08813457922033421 0.07159246579467708
9 0.40468389480178824 0.5275070856861168 0.08302984883076488 0.06521358845015539
9 0.7095867563608563 0.45923226690529556 0.08911712415540592 0.07066824126358143
9 0.512949387009084 0.6081150608588807 0.08913457922033421 0.07166824126358143
9 0.21719148675042566 0.4279128484699104 0.09936149506440096 0.08542599595262482
9 0.6586292584393503 0.37198138119453095 0.08408221402554955 0.06828936391905983
9 0.26098316155511375 0.5051333058983446 0.08004730389569306 0.06598626204344248
9 0.42185984051678954 0.4244468195952992 0.08506475896062125 0.06736513938796407
9 0.6248370646708773 0.6959882501728097 0.08916948935019059 0.07366824126358142
9 0.5023398548023155 0.458008857107646 0.08608221402554955 0.06844091485686851
9 0.7637275324641087 0.5572104790227731 0.09515203428526228 0.07312289407700746
9 0.5140158005173168 0.35453182593785454 0.08102984883076488 0.06506203751234682
9 0.39754817999762737 0.3761660960760473 0.07908221402554955 0.06791048657453815
9 0.6721951529837982 0.5198149113524787 0.08911712415540592 0.07066824126358143
9 0.4562863540237041 0.36563684874140306 0.08108221402554955 0.06806203751234682
9 0.28121147246489964 0.40530036621424004 0.08104730389569306 0.06606203751234682
9 0.2232675038930568 0.46132961354888424 0.10709966909047773 0.07103219970385953
9 0.3389234638935841 0.3931953434106915 0.08911712415540592 0.07066824126358143
9 0.5721492441538242 0.33796469086875813 0.08709966909047762 0.06951669032577275