9 0.20899799981754705 0.5110656452286221 0.06728507366073677 0.050559442309822206
9 0.44614120337539975 0.3090726842567107 0.06828507366073677 0.05058271756817783
9 0.20678922467183697 0.3751354710036887 0.06631416280979158 0.05553616705146669
9 0.3300652382241152 0.41076097659677746 0.06829089149054778 0.051582717568177824
9 0.2668066781612698 0.37073895550235536 0.06728507366073677 0.05055944230982232
9 0.27695985056003364 0.6019712900312665 0.07032579846941349 0.05762926808488896
9 0.5766728680756179 0.38652362541213287 0.07229670932035878 0.0526758186016001
9 0.39856199594546754 0.49565498377024414 0.07331998063960259 0.05669909385995561
9 0.5724404882469218 0.34062836407473285 0.07229670932035878 0.052675818601599984
9 0.33675365096548693 0.5500864121591109 0.07333161629922438 0.05869909385995561
9 0.33503581571131824 0.5016329626758219 0.06930252715016968 0.05360599282653345
9 0.2776340520906202 0.657948014772911 0.07133161629922449 0.05865254334324436
9 0.6354666684810711 0.33466202279833285 0.06929089149054767 0.05160599282653334
9 0.27129470913790577 0.45862257921057753 0.06829089149054778 0.051582717568177824
9 0.388350311884852 0.3604110116121552 0.06827925583092588 0.04958271756817783
9 0.21092494358116795 0.6095074570827332 0.06530834497998063 0.054512891793111064
9 0.391582691713548 0.4063295482079108 0.06930834497998058 0.05460599282653334
9 0.5345383912624816 0.5824779110047107 0.07334325195884639 0.06069909385995561
9 0.5198732498403537 0.4393386775092218 0.07029089149054789 0.05162926808488896
9 0.5280998118392388 0.48614083781319956 0.07131998063960258 0.056652543343244474
9 0.34215732340986404 0.6524467606089774 0.0733490697886573 0.06169909385995561
9 0.45038812777862325 0.3524679455941107 0.06729670932035879 0.05255944230982232
9 0.4526263254371302 0.3974097574482219 0.06829670932035867 0.052582717568177825
9 0.27572747073133763 0.5560062029187998 0.06930252715016968 0.05360599282653334
9 0.5783907033297865 0.43497707489542176 0.07231416280979147 0.05567581860159999
9 0.27401836222188536 0.5060527534355109 0.0693199806396026 0.056605992826533336
9 0.47719513930363516 0.6428046007309774 0.07635488761846841 0.06276891963502249
9 0.6499110657341248 0.4298128939229995 0.07129670932035878 0.05265254334324459
9 0.33030925371243314 0.45474933896759967 0.06930834497998058 0.05460599282653334
9 0.328350311884852 0.3618075271134886 0.06828507366073677 0.05058271756817783
9 0.5293118292635964 0.5356059249256663 0.07330252715016967 0.05369909385995561
9 0.26454487581977687 0.4157855060190665 0.06729670932035867 0.05255944230982232
9 0.5171263254371301 0.3959085032842885 0.07230834497998058 0.054675818601599986
9 0.20355684484314093 0.32921693440793315 0.06827925583092588 0.04958271756817783
9 0.6087387730272174 0.6322439042572217 0.08135488761846818 0.06288529592680016
9 0.5114143080127725 0.3465481548344218 0.06827925583092588 0.04958271756817783
9 0.5851376277330099 0.47831414808693284 0.07230252715016969 0.053675818601600096
9 0.54272422845269 0.6362800713086885 0.07533161629922439 0.058745644376666635
9 0.4605823583498059 0.49071191775219963 0.07029670932035878 0.052629268084888964
9 0.5681848370989819 0.29873310273733283 0.06928507366073677 0.05060599282653334
9 0.4578528874360153 0.44428174352726624 0.07130834497998058 0.05465254334324459
9 0.2077801645633784 0.4626005581161554 0.06630252715016968 0.053536167051466695
9 0.34098312187927754 0.5964816734965108 0.0703199806396026 0.05662926808488896
9 0.21011950751609276 0.662019094711911 0.07034906978865729 0.061629268084888965
9 0.6613554629871786 0.5250335908227328 0.07330252715016967 0.05369909385995561
9 0.4065034842836159 0.5914571440742218 0.0753374341290355 0.05974564437666686
9 0.4116893214738243 0.6453291301532663 0.07231998063960259 0.05667581860159999
9 0.4730093021134268 0.5889093393935773 0.07131998063960258 0.05665254334324436
9 0.4022769222847307 0.5445618827368218 0.07230834497998058 0.054675818601599986
9 0.3918296161167715 0.449817910578733 0.06829670932035879 0.052582717568177825
9 0.59555875366682 0.5775581202450216 0.07633161629922461 0.05876891963502248
9 0.38161502314125045 0.31507393842064413 0.07030252715016969 0.053629268084888965
9 0.46479437577416366 0.5401071790895996 0.07430834497998058 0.054722369118311236
9 0.678267862176272 0.6256262738015105 0.0763374341290355 0.05976891963502248
9 0.5076644746946436 0.3036412558678441 0.07231998063960259 0.05667581860159999
9 0.6307255619076586 0.2902783990901106 0.07130252715016969 0.05365254334324459
9 0.20603324016015495 0.41914710863286647 0.06628507366073677 0.05053616705146669
9 0.6441932304799561 0.3814525454731328 0.07131998063960236 0.056652543343244585
9 0.32509175182200667 0.32038899051773306 0.06728507366073677 0.05055944230982232
9 0.5918263738381238 0.5316512212784439 0.07331998063960236 0.05669909385995561
9 0.6551405366479155 0.4761848800020439 0.07732579846941348 0.057792194893377884
9 0.6665732982413473 0.5734055769017773 0.07232579846941349 0.05767581860159999
9 0.2092158350717157 0.5595540075994443 0.06931998063960253 0.056605992826533336
9 0.2655655715878573 0.32627386838988864 0.07029670932035878 0.052629268084888964