9 0.6165 0.354 0.075 0.0535
9 0.6435 0.4505 0.077 0.0555
9 0.544 0.6205 0.0805 0.06
9 0.697 0.3935 0.077 0.053
9 0.772 0.6515 0.091 0.0645
9 0.563 0.4145 0.0745 0.055
9 0.681 0.3455 0.0785 0.057
9 0.521 0.5235 0.078 0.0595
9 0.6555 0.501 0.0815 0.059
9 0.541 0.3185 0.0745 0.0525
9 0.4405 0.478 0.08 0.0555
9 0.3195 0.5475 0.0775 0.054
9 0.377 0.488 0.0755 0.0545
9 0.5575 0.674 0.0805 0.0585
9 0.4215 0.381 0.076 0.055
9 0.5335 0.5685 0.079 0.0545
9 0.4975 0.4235 0.077 0.0555
9 0.489 0.6825 0.082 0.0615
9 0.4525 0.5295 0.0775 0.0545
9 0.606 0.61 0.0815 0.0585
9 0.24 0.505 0.0735 0.053
9 0.2605 0.6065 0.075 0.0555
9 0.487 0.375 0.075 0.0545
9 0.665 0.5515 0.0835 0.057
9 0.353 0.3915 0.076 0.0515
9 0.3605 0.4415 0.078 0.0575
9 0.735 0.5435 0.085 0.061
9 0.408 0.644 0.0805 0.0605
9 0.4595 0.578 0.0835 0.0585
9 0.288 0.399 0.078 0.0565
9 0.627 0.403 0.077 0.0575
9 0.5085 0.468 0.0755 0.052
9 0.4745 0.3275 0.075 0.0565
9 0.2235 0.406 0.0715 0.0505
9 0.397 0.5875 0.0775 0.058
9 0.474 0.635 0.0775 0.058
9 0.589 0.5095 0.077 0.0545
9 0.6995 0.6565 0.082 0.057
9 0.594 0.5615 0.0785 0.059
9 0.6795 0.6015 0.0865 0.0615
9 0.716 0.49 0.077 0.0565
9 0.38 0.5405 0.0795 0.0585
9 0.4325 0.431 0.076 0.0515
9 0.417 0.6935 0.0785 0.058
9 0.328 0.599 0.081 0.06
9 0.2455 0.5555 0.075 0.0585
9 0.7535 0.5965 0.0835 0.057
9 0.6295 0.668 0.083 0.062
9 0.574 0.461 0.0755 0.056
9 0.3355 0.6515 0.0815 0.0585
9 0.2725 0.6615 0.076 0.062
9 0.2795 0.7145 0.075 0.057
9 0.2965 0.4475 0.075 0.053
9 0.3045 0.4975 0.0835 0.0565
9 0.7085 0.4425 0.0825 0.0585
9 0.6715 0.2965 0.075 0.0555
9 0.344 0.701 0.079 0.0585
9 0.2115 0.3615 0.081 0.0575
9 0.228 0.455 0.077 0.0555
9 0.5515 0.364 0.0695 0.0555
9 0.413 0.335 0.0745 0.054
9 0.2805 0.3505 0.0745 0.053
9 0.344 0.343 0.0785 0.055
9 0.609 0.31 0.075 0.0565