9 0.6892137436325532 0.5960763681958537 0.10862332103832432 0.09923204031928845
9 0.5417047566181966 0.7872816197078862 0.11474550649282174 0.10658150052410816
9 0.4871985597352783 0.7551364778645071 0.11876296155775003 0.10781447399398802
9 0.21067377220360503 0.6231486734939967 0.10553604571368316 0.09405731021687826
9 0.42995444830817564 0.537520457704863 0.10958841090846773 0.09729028368675813
9 0.5005515867491075 0.6330392500602919 0.10860586597339603 0.09823204031928821
9 0.3179243399955184 0.67235159212955 0.10758841090846773 0.09717379695181808
9 0.497383492464636 0.4515392500602919 0.10655350077861135 0.09511555358434828
9 0.5086560576567845 0.8398013452139067 0.12505969766152975 0.12516393419880797
9 0.46115151532147763 0.49338424546390247 0.10348368051889838 0.09094082348193831
9 0.7268759005159986 0.5503187378434482 0.11369314129803706 0.10352325715663802
9 0.5198170789564033 0.7065876306747516 0.11167568623310899 0.10240677042169818
9 0.41198796337231297 0.6528555903554634 0.10758841090846773 0.09717379695181808
9 0.3012286680479355 0.6029488199337653 0.10551859064875486 0.09305731021687826
9 0.4297360005146805 0.725316605918718 0.11167568623310888 0.10240677042169818
9 0.24780101895719417 0.575361921457856 0.10960586597339603 0.09829028368675813
9 0.35892713012695665 0.44597254366569916 0.10146622545397031 0.08982433674699837
9 0.609599150126693 0.49903338553319504 0.11060586597339603 0.09834852705422815
9 0.6317948220742758 0.5687564962500646 0.11265823116818069 0.1014650137891681
9 0.39313292467272265 0.4025110615271486 0.10753604571368305 0.09417379695181831
9 0.28497190337310385 0.5300751694217154 0.10450113558382668 0.09199906684940834
9 0.3947748363598018 0.5824236964759436 0.10453604571368316 0.09399906684940834
9 0.22536944415118795 0.6924349589548415 0.10858841090846784 0.09723204031928821
9 0.41228495895798506 0.4695594421416083 0.10757095584353965 0.09617379695181819
9 0.32173006311365465 0.4897592957018398 0.10957095584353965 0.09629028368675824
9 0.5180267992174342 0.5181749957259566 0.11158841090846772 0.09740677042169818
9 0.5739369932432473 0.5449075026205407 0.10757095584353965 0.0961737969518183
9 0.39163493635848373 0.7745451145873887 0.11674550649282173 0.10669798725904821
9 0.48185591480152457 0.5635199911295672 0.10551859064875498 0.09305731021687826
9 0.6674831615551138 0.5243823791627191 0.10755350077861135 0.09517379695181831
9 0.5537064111658081 0.4733008786386109 0.10246622545397031 0.08988258011446829
9 0.614898157398126 0.688149872268135 0.11265823116818069 0.1014650137891681
9 0.4435082085686794 0.42692322990064774 0.1014836805188985 0.09082433674699837
9 0.2286402571394677 0.5078135408433964 0.11464077610325245 0.10058150052410815
9 0.6555428592166433 0.6415669720181393 0.1217978716876064 0.109989204096398
9 0.3336811046703501 0.7451961209578647 0.11064077610325239 0.10034852705422827
9 0.3570690418140357 0.6256813268283492 0.11064077610325239 0.10034852705422827
9 0.2635141459697053 0.6457064502861708 0.1106407761032525 0.10034852705422827
9 0.33889082493138106 0.5571911895813596 0.11058841090846772 0.09734852705422826
9 0.46891561246305435 0.6806463406175174 0.11369314129803706 0.10352325715663802
9 0.5936501202557586 0.6154850049187353 0.11060586597339603 0.09834852705422827
9 0.3743519890862597 0.700113220707869 0.11467568623310888 0.10258150052410815
9 0.3755617093472907 0.5118753158614839 0.10250113558382667 0.09188258011446829
9 0.5813145483068576 0.7386404760904206 0.12385023688239108 0.11310569083133805
9 0.4792140031144455 0.3835491128133021 0.10655350077861135 0.09511555358434828
9 0.4486324057089379 0.8063358648494428 0.11372805142789355 0.105523257156638
9 0.42389108441327344 0.36184572760245304 0.09944877038904201 0.08870785001205832
9 0.1592286680479355 0.5946782617530275 0.11267568623310888 0.1024650137891681
9 0.5574617807749206 0.659830000322346 0.11469314129803707 0.10358150052410792
9 0.26734605168523384 0.46461415385846067 0.10550113558382668 0.09205731021687825
9 0.538205016100089 0.5867816197078862 0.11567568623310899 0.10263974389157829
9 0.1974170075287734 0.5504497530843568 0.10353604571368316 0.09394082348193843
9 0.6432787620750666 0.4540427817109095 0.10551859064875498 0.09305731021687826
9 0.4516413927232944 0.6067144467379977 0.1086233210383242 0.09923204031928821
9 0.5894820259712871 0.4339267615512653 0.10855350077861135 0.09523204031928821
9 0.28185818596917805 0.7236965875331605 0.11269314129803706 0.1034650137891681
9 0.7610118748020518 0.5028572557048975 0.11457095584353966 0.09658150052410815
9 0.5315980145428663 0.4085777679217413 0.09944877038904201 0.08870785001205832
9 0.3000431186985358 0.4205653066687052 0.11357095584353953 0.09652325715663812
9 0.3393012784390866 0.38039504136750446 0.1034836805188985 0.09094082348193831
9 0.37604198311470904 0.33907916764762885 0.11367568623310888 0.10252325715663824
9 0.7021627735034875 0.47945001870790344 0.11364077610325239 0.10052325715663812
9 0.1714941602552313 0.6678189387951973 0.11065823116818069 0.10134852705422827
9 0.12012760389173871 0.6438485270542282 0.11055350077861135 0.09534852705422828