9 0.7180396183482535 0.3128155987715005 0.07551304546840287 0.05674213547139186
9 0.5550165335028807 0.5298766159202644 0.07665853060959535 0.06180621838316756
9 0.6445411213939699 0.3689295684193412 0.0765421424966412 0.05780621838316733
9 0.6340295789712836 0.47291019025765796 0.07762943358135681 0.06087030129494292
9 0.5795541668623728 0.3211910820524163 0.07451304546840289 0.056678052559616277
9 0.5159071786754638 0.2788564713178281 0.07248394844016434 0.055549886736065215
9 0.47948893952035865 0.5871187513916561 0.078687627637834 0.0629343842067185
9 0.7100426244396864 0.4161360133303783 0.07657123952487996 0.05880621838316733
9 0.5665717214679248 0.424331911170172 0.07660033655311826 0.05980621838316733
9 0.6509071786754638 0.27020527822812673 0.07451304546840289 0.056678052559616277
9 0.504099315450447 0.3759332175238082 0.07551304546840287 0.05674213547139186
9 0.28323476121466956 0.5398071679232181 0.07762943358135681 0.06087030129494292
9 0.559558675999522 0.4766843671849376 0.07971672466607242 0.06399846711849409
9 0.5483870999215238 0.5861970304791421 0.08292040386374197 0.07119071585382063
9 0.6474377787494188 0.3208334440516779 0.07868762763783388 0.0629343842067185
9 0.32996134553783657 0.6491030223344398 0.08483311277902647 0.06831888167737202
9 0.37309781240473056 0.33292420333407063 0.07254214249664141 0.057549886736065106
9 0.43265901255264044 0.4299190213480978 0.07457123952487985 0.05867805255961628
9 0.4966153670102827 0.42731771499446153 0.07765853060959546 0.06187030129494292
9 0.34564747012995406 0.5388019859372453 0.07871672466607242 0.0639343842067185
9 0.35410232154187987 0.4883534055548163 0.07357123952487984 0.05861396964784069
9 0.2896168700559991 0.4919867533643403 0.07862943358135681 0.060934384206718505
9 0.20216352168978974 0.5989017594093756 0.0756585306095954 0.06174213547139175
9 0.404374054453121 0.6473288454071602 0.0777749187225495 0.06587030129494292
9 0.358688109580879 0.43366115681948963 0.07660033655311838 0.05980621838316745
9 0.41051803654859714 0.5905404723041702 0.07983311277902658 0.0679984671184941
9 0.7140265728798507 0.3649758060509395 0.07768762763783388 0.06287030129494292
9 0.30567205802104325 0.3861536755112579 0.07860033655311838 0.059934384206718504
9 0.4176183731017155 0.5351880162894046 0.07865853060959535 0.061934384206718505
9 0.31212690943296906 0.3358332609523801 0.0724548514119258 0.05454988673606522
9 0.4250150304571643 0.48680351881875117 0.07768762763783388 0.06287030129494292
9 0.5740702184222084 0.3724474136995186 0.07862943358135681 0.060934384206718505
9 0.4425832638906113 0.3289704409656688 0.0734548514119258 0.05461396964784081
9 0.5462431178260476 0.6427290719350299 0.07874582169431096 0.06493438420671874
9 0.514068715376492 0.3248885127737159 0.07457123952487996 0.05867805255961628
9 0.49163141857011833 0.4785420051856761 0.07560033655311839 0.05974213547139175
9 0.3839071786754638 0.2873154156722028 0.07248394844016434 0.055549886736065215
9 0.6385280759255672 0.42121794152233133 0.07768762763783388 0.06287030129494292
9 0.2737508127745053 0.5913198312174227 0.08174582169431097 0.06512663294204526
9 0.48354563053111926 0.5334585441122172 0.07674582169431096 0.06480621838316757
9 0.22284964628190723 0.48828030845330317 0.07354214249664136 0.0576139696478408
9 0.19157773365079064 0.6539785056153556 0.08080401575078798 0.06706255003026967
9 0.6156849237695705 0.640275309566628 0.08389130683550365 0.0702547987655962
9 0.4359974758516122 0.38379085552454667 0.07460033655311839 0.05967805255961628
9 0.36604112139397 0.38677665934883626 0.07451304546840289 0.056678052559616277
9 0.33869261871802825 0.5891544419520108 0.07768762763783388 0.06287030129494292
9 0.6247125177520927 0.5872946877283114 0.0777749187225495 0.06587030129494292
9 0.24021570356340105 0.3888511062325575 0.0744548514119258 0.054678052559616275
9 0.22921720660911749 0.44095989389442536 0.07462943358135686 0.06067805255961627
9 0.7023549968018525 0.4745205108010317 0.07771672466607242 0.06387030129494292
9 0.47181586039664397 0.6450032488623095 0.07880401575078803 0.0669343842067185
9 0.4463926301613445 0.28381023368622993 0.07357123952487984 0.058613969647840804
9 0.7014001453899266 0.524488469345144 0.0756294335813568 0.06074213547139198
9 0.31392172718958306 0.2913012194964923 0.07251304546840288 0.056549886736065216
9 0.6960830841707359 0.638616635168695 0.08080401575078804 0.06706255003026967
9 0.2590631851366713 0.650152909070505 0.07768762763783388 0.06287030129494314
9 0.2942317551232368 0.4362945046290136 0.07554214249664142 0.05774213547139186
9 0.7204362757037022 0.2647515158597249 0.07765853060959535 0.06187030129494292
9 0.5844508242178215 0.2729667918612018 0.07965853060959535 0.06199846711849409
9 0.6982561632944505 0.5810845937128073 0.07786220980726512 0.06887030129494293
9 0.24714145794708833 0.33949865021779185 0.0755421424966413 0.05774213547139186
9 0.21072021270055036 0.5449531790269466 0.0746585306095954 0.06167805255961639
9 0.6199146939040459 0.5292112266548525 0.08080401575078804 0.06706255003026967
9 0.25158176084489486 0.28980640148246517 0.07048394844016434 0.055421720912514044