9 0.7846644817126851 0.5839715683004404 0.11974401673248576 0.09426305958589547
9 0.3758440990374518 0.6883645567556148 0.09898626204344248 0.08333154461494063
9 0.5412971971371867 0.3523618736780258 0.09438005829220787 0.07514524162074963
9 0.4122620450641118 0.618308404960595 0.09675893563672947 0.08023839311784514
9 0.5088339039239527 0.41658104059296275 0.09553160923001655 0.07719181736929749
9 0.5570502280354854 0.607992024877197 0.1082135884501556 0.0867507263518703
9 0.41802157117468436 0.5091919655892256 0.0986073846989209 0.07833154461494064
9 0.3002402571815894 0.5604056181290562 0.09660738469892079 0.07823839311784514
9 0.6513700202368757 0.522067402875125 0.10175893563672958 0.08047127186058378
9 0.6799147769496067 0.5625345389543791 0.10906203751234671 0.08479730210041816
9 0.5639556170532741 0.3910495552659934 0.10268316016782501 0.07951784760913165
9 0.3930147021964056 0.4683878446298887 0.09253160923001644 0.07705209012365412
9 0.5315054713227546 0.5676646160435862 0.09875893563672934 0.08033154461494064
9 0.5276018537264952 0.6853974947863248 0.11174401673248577 0.09389045359751344
9 0.48171905977291 0.48305637412491215 0.0944558337611121 0.07614524162074963
9 0.3501782196692426 0.6430138600477301 0.10298626204344248 0.08351784760913142
9 0.31218449817367827 0.7140001482199283 0.10421358845015549 0.08656442335767929
9 0.5939377457798151 0.5449824488307249 0.10598626204344237 0.08365757485477479
9 0.6825531804047009 0.4482550844630926 0.09868316016782501 0.07933154461494064
9 0.5058470514066672 0.5288372072099753 0.10175893563672946 0.08047127186058378
9 0.30888612008880545 0.4529289060033301 0.09238005829220776 0.07505209012365413
9 0.6509210554540423 0.6339400088635071 0.1158197922013901 0.09507675659170445
9 0.5002390762339033 0.6359536465813447 0.0998347111056338 0.0813781203634885
9 0.7131185440522679 0.607734553776372 0.10821358845015538 0.08675072635187052
9 0.5978488228281963 0.4337728579622601 0.09960738469892066 0.07837812036348828
9 0.3863309515547374 0.5764577082527103 0.1008347111056338 0.08142469611203615
9 0.32965820320824935 0.4900234360942021 0.09638005829220787 0.07523839311784514
9 0.4837512594767696 0.3767769196336257 0.09768316016782523 0.07928496886639289
9 0.3218986770976768 0.599046723968476 0.09568316016782523 0.07919181736929749
9 0.2634664026406163 0.6219151941755282 0.10075893563672945 0.08042469611203615
9 0.43831426122896455 0.6651823895427537 0.10513781298125116 0.08561099910622716
9 0.5632339786771537 0.49989887338010147 0.09860738469892066 0.07833154461494064
9 0.27676381648564097 0.512648072918267 0.09545583376111222 0.07619181736929749
9 0.4454905524185109 0.550612525919932 0.0976073846989209 0.07828496886639277
9 0.25552962110064925 0.475030254953121 0.09553160923001644 0.07719181736929727
9 0.28890495560211255 0.6702658908834129 0.1008347111056338 0.08142469611203615
9 0.5692604903504207 0.287933115894624 0.09560738469892067 0.07819181736929738
9 0.6210582779614504 0.5843797212871574 0.10283471110563369 0.08151784760913165
9 0.4073205397334002 0.736494707954786 0.10959246579467709 0.09179730210041817
9 0.3418503775418875 0.759537147922004 0.0988347111056338 0.08133154461494065
9 0.46616957926943464 0.7081262377477339 0.10106203751234694 0.08442469611203615
9 0.4235916586129961 0.4025755262178563 0.09238005829220776 0.07505209012365413
9 0.7440364900789279 0.5374222353643395 0.1048347111056337 0.08161099910622716
9 0.24345953366233752 0.58134395195893 0.09030428282330348 0.07395893862655863
9 0.6246984528380738 0.37079752443031055 0.0943042828233033 0.07414524162074963
9 0.5336513342299707 0.4598851615522997 0.10191048657453802 0.08247127186058378
9 0.35805140898317167 0.5324905721734563 0.09538005829220787 0.07519181736929727
9 0.6570463114264221 0.4074276756294818 0.10283471110563369 0.08151784760913165
9 0.4709216459278853 0.5924399347535428 0.10291048657453813 0.08251784760913165
9 0.16525694750736225 0.4678151497095497 0.11597134313919884 0.09707675659170469
9 0.600691583859795 0.33003997921952133 0.0976073846989209 0.07828496886639288
9 0.21371787882522394 0.5368069522568543 0.09245583376111216 0.07605209012365413
9 0.36862149642148334 0.42610701154482566 0.09853160923001644 0.07733154461494064
9 0.5877614545902689 0.6595988882020942 0.1030620375123467 0.08451784760913142
9 0.45048486438791835 0.44497279867428874 0.09960738469892078 0.07837812036348839
9 0.7171432843040056 0.4950249629079071 0.11006203751234671 0.08484387784896592
9 0.45547917635732577 0.3393330714286455 0.09338005829220787 0.07509866587220188
9 0.3413040661154654 0.3826864512141193 0.09253160923001656 0.07705209012365412
9 0.6233556918064751 0.47460026679587086 0.10283471110563369 0.08151784760913165
9 0.39912267736916945 0.3612946931327932 0.09360738469892078 0.07809866587220188
9 0.22709852759127483 0.43306311887386695 0.0934558337611121 0.07609866587220188
9 0.1733700202368757 0.4998041950693012 0.11998626204344248 0.08430963533444333
9 0.2839929143138832 0.41062478504399313 0.1028347111056338 0.08151784760913165
9 0.5122524404244557 0.3118714497244978 0.10075893563672934 0.08042469611203615