9 0.3655 0.3775 0.0785 0.057
9 0.5135 0.4075 0.076 0.0555
9 0.3865 0.4755 0.0815 0.0585
9 0.596 0.4475 0.078 0.0545
9 0.569 0.348 0.0765 0.0545
9 0.5805 0.398 0.0795 0.0595
9 0.5785 0.668 0.0865 0.0655
9 0.445 0.4225 0.079 0.06
9 0.416 0.5795 0.0825 0.061
9 0.745 0.4775 0.083 0.059
9 0.723 0.6505 0.088 0.066
9 0.436 0.689 0.0835 0.065
9 0.301 0.3885 0.076 0.057
9 0.6525 0.3875 0.078 0.057
9 0.5385 0.5125 0.078 0.0565
9 0.4675 0.5225 0.08 0.0615
9 0.491 0.3125 0.0775 0.057
9 0.563 0.6105 0.0835 0.06
9 0.6535 0.659 0.0845 0.0635
9 0.3685 0.7015 0.081 0.062
9 0.503 0.358 0.0785 0.0585
9 0.6235 0.289 0.078 0.0565
9 0.6375 0.34 0.08 0.0585
9 0.342 0.5885 0.0785 0.059
9 0.558 0.302 0.0805 0.0595
9 0.4335 0.368 0.0775 0.055
9 0.2245 0.3485 0.0775 0.0565
9 0.352 0.647 0.082 0.0635
9 0.7135 0.3755 0.0795 0.0595
9 0.496 0.6225 0.084 0.063
9 0.4775 0.57 0.08 0.058
9 0.312 0.44 0.079 0.0585
9 0.512 0.6765 0.0825 0.062
9 0.459 0.466 0.078 0.0535
9 0.702 0.5915 0.082 0.0595
9 0.4275 0.632 0.0795 0.0605
9 0.381 0.4285 0.078 0.0555
9 0.4025 0.5305 0.0785 0.0575
9 0.619 0.5505 0.08 0.057
9 0.266 0.5495 0.075 0.055
9 0.6605 0.44 0.0815 0.0585
9 0.6845 0.544 0.088 0.0605
9 0.636 0.6005 0.088 0.0645
9 0.608 0.498 0.0795 0.059
9 0.731 0.428 0.079 0.056
9 0.322 0.4855 0.0775 0.0575
9 0.795 0.638 0.0855 0.062
9 0.3325 0.5415 0.081 0.0595
9 0.2875 0.6545 0.0765 0.061
9 0.2485 0.447 0.0735 0.054
9 0.249 0.495 0.0755 0.0575
9 0.529 0.4575 0.0805 0.0585
9 0.705 0.3275 0.0765 0.0575
9 0.6725 0.486 0.0785 0.057
9 0.5495 0.5605 0.081 0.0605
9 0.237 0.3985 0.073 0.0575
9 0.2915 0.339 0.0805 0.062
9 0.4255 0.3215 0.0835 0.061
9 0.3575 0.331 0.075 0.0535
9 0.296 0.711 0.0765 0.0645
9 0.7605 0.5325 0.0825 0.056
9 0.6935 0.2775 0.082 0.063
9 0.278 0.5975 0.0785 0.0595
9 0.7745 0.584 0.0785 0.0595