8 0.063145655 0.784252783 0.926041888 0.806180884 0.895328633 0.186712017 0.111463753 0.206471206 0.063145655 0.784252783
10 0.143585134 0.7327217439999999 0.8339021209999999 0.74697501 0.816351689 0.238243055 0.183139908 0.251451651 0.143585134 0.7327217439999999
9 0.177223462 0.30841298 0.17429839000000003 0.36104042399999997 0.248964948 0.36116005100000004 0.250350262 0.30622017 0.177223462 0.30841298
9 0.256200406 0.25249632099999997 0.18161107 0.253592726 0.180148534 0.307316575 0.250427727 0.307402935 0.256200406 0.25249632099999997
9 0.250350262 0.250303511 0.250350262 0.305123765 0.33078974099999997 0.30622017 0.33380611099999996 0.248160399 0.250350262 0.250303511
9 0.332252277 0.249207106 0.33078974099999997 0.30622017 0.408304148 0.30402735999999997 0.40840782400000003 0.24706331499999998 0.332252277 0.249207106
9 0.412691756 0.24811070100000002 0.415616828 0.305123765 0.485818556 0.30402735999999997 0.48886065100000003 0.24706331499999998 0.412691756 0.24811070100000002
9 0.4916687 0.302930955 0.485818556 0.362136829 0.569183107 0.36323323399999996 0.572239035 0.300820431 0.4916687 0.302930955
9 0.490206164 0.245917891 0.487281092 0.305123765 0.5662580349999999 0.305123765 0.567850699 0.24706331499999998 0.490206164 0.245917891
9 0.570645643 0.245917891 0.569183107 0.30402735999999997 0.64816005 0.305123765 0.649766305 0.244869147 0.570645643 0.245917891
9 0.6510851219999999 0.24372508099999998 0.649622586 0.302930955 0.7329871379999999 0.30183455 0.730062066 0.24153227100000002 0.6510851219999999 0.24372508099999998
9 0.7344496739999999 0.23933946 0.7344496739999999 0.30183455 0.817814225 0.29964174000000005 0.8179858520000001 0.24048081 0.7344496739999999 0.23933946
9 0.326402133 0.36104042399999997 0.24742519 0.364329639 0.244500118 0.421342703 0.32795499699999997 0.424790924 0.326402133 0.36104042399999997
9 0.251812798 0.307316575 0.250350262 0.362136829 0.329327205 0.362136829 0.330880554 0.307402935 0.251812798 0.307316575
9 0.332252277 0.307316575 0.33078974099999997 0.365426044 0.408304148 0.366522449 0.40987060200000003 0.304111683 0.332252277 0.307316575
9 0.412691756 0.305123765 0.408304148 0.36323323399999996 0.488743628 0.364329639 0.490323429 0.30520876700000005 0.412691756 0.305123765
9 0.567720571 0.30183455 0.570645643 0.362136829 0.649622586 0.359944019 0.649766305 0.304111683 0.567720571 0.30183455
9 0.64816005 0.302930955 0.6510851219999999 0.362136829 0.7329871379999999 0.35884761400000004 0.733144689 0.298626263 0.64816005 0.302930955
9 0.7344496739999999 0.300738144 0.7315246019999999 0.36104042399999997 0.817814225 0.357751209 0.8179858520000001 0.297529179 0.7344496739999999 0.300738144
9 0.17137331800000002 0.364329639 0.16552317400000002 0.42243910799999995 0.244576612 0.422596755 0.250350262 0.36323323399999996 0.17137331800000002 0.364329639
9 0.408304148 0.362136829 0.33078974099999997 0.362136829 0.322014525 0.423535513 0.40840782400000003 0.422596755 0.408304148 0.362136829
9 0.408304148 0.366522449 0.40391654 0.424631918 0.487397872 0.42588800800000004 0.485818556 0.36323323399999996 0.408304148 0.366522449
9 0.487281092 0.36323323399999996 0.482893484 0.423535513 0.569313478 0.42369384000000004 0.572108179 0.362136829 0.487281092 0.36323323399999996
9 0.649622586 0.36104042399999997 0.569183107 0.364329639 0.5662580349999999 0.421342703 0.6540101939999999 0.420246298 0.649622586 0.36104042399999997
9 0.73591221 0.36104042399999997 0.649622586 0.36104042399999997 0.64816005 0.423535513 0.736070246 0.422596755 0.73591221 0.36104042399999997
9 0.73591221 0.420246298 0.823664369 0.419149893 0.822374188 0.357868799 0.73591221 0.36104042399999997 0.73591221 0.420246298
9 0.73591221 0.420246298 0.73591221 0.479452172 0.822374188 0.480742208 0.8207392969999999 0.421342703 0.73591221 0.420246298
9 0.64816005 0.48164498200000005 0.7315246019999999 0.483837792 0.7315246019999999 0.423535513 0.654154641 0.422596755 0.64816005 0.48164498200000005
9 0.5662580349999999 0.479452172 0.64816005 0.478355767 0.64816005 0.421342703 0.570776256 0.420402587 0.5662580349999999 0.479452172
9 0.48435602 0.479452172 0.5662580349999999 0.48274138699999997 0.5662580349999999 0.424631918 0.490323429 0.42369384000000004 0.48435602 0.479452172
9 0.400991468 0.48054857700000003 0.48435602 0.48274138699999997 0.48435602 0.424631918 0.40840782400000003 0.422596755 0.400991468 0.48054857700000003
9 0.32493959699999997 0.479452172 0.402454004 0.48054857700000003 0.408304148 0.423535513 0.329417775 0.42149967099999996 0.32493959699999997 0.479452172
9 0.24742519 0.48054857700000003 0.326402133 0.48054857700000003 0.322014525 0.424631918 0.250427727 0.42369384000000004 0.24742519 0.48054857700000003
9 0.16259810200000002 0.479452172 0.24011250999999997 0.478355767 0.24742519 0.423535513 0.171437678 0.420402587 0.16259810200000002 0.479452172
9 0.16552317400000002 0.48274138699999997 0.158210494 0.540850856 0.237262719 0.542178912 0.241575046 0.48164498200000005 0.16552317400000002 0.48274138699999997
9 0.241575046 0.48164498200000005 0.235724902 0.539754451 0.320551989 0.541947261 0.32356666 0.480742208 0.241575046 0.48164498200000005
9 0.320551989 0.48054857700000003 0.316164381 0.541947261 0.400991468 0.541947261 0.402556709 0.482936376 0.320551989 0.48054857700000003
9 0.402454004 0.48054857700000003 0.402454004 0.539754451 0.48435602 0.540850856 0.484472315 0.482936376 0.402454004 0.48054857700000003
9 0.487281092 0.48164498200000005 0.48435602 0.541947261 0.567720571 0.541947261 0.569313478 0.481839292 0.487281092 0.48164498200000005
9 0.567720571 0.48054857700000003 0.5662580349999999 0.539754451 0.649622586 0.538658046 0.6526918620000001 0.480742208 0.567720571 0.48054857700000003
9 0.649622586 0.48054857700000003 0.6510851219999999 0.541947261 0.73591221 0.545236476 0.736070246 0.480742208 0.649622586 0.48054857700000003
9 0.73591221 0.48164498200000005 0.738837282 0.543043666 0.823664369 0.545236476 0.823836967 0.481839292 0.73591221 0.48164498200000005
9 0.738837282 0.5441400710000001 0.741762354 0.605538755 0.829688082 0.6101981200000001 0.828051977 0.546332881 0.738837282 0.5441400710000001
9 0.6540101939999999 0.607731566 0.738837282 0.609924376 0.738837282 0.545236476 0.6483035260000001 0.543275996 0.6540101939999999 0.607731566
9 0.569183107 0.605538755 0.649622586 0.6088279710000001 0.646697515 0.545236476 0.572239035 0.542178912 0.569183107 0.605538755
9 0.48435602 0.60444235 0.5662580349999999 0.605538755 0.569183107 0.5441400710000001 0.484472315 0.542178912 0.48435602 0.60444235
9 0.402454004 0.603345945 0.482893484 0.605538755 0.482893484 0.541947261 0.402556709 0.5410818279999999 0.402454004 0.603345945
9 0.317626917 0.603345945 0.400991468 0.603345945 0.405379076 0.541947261 0.31917832399999996 0.539984744 0.317626917 0.603345945
9 0.235724902 0.603345945 0.317626917 0.60444235 0.317626917 0.541947261 0.241651055 0.5410818279999999 0.235724902 0.603345945
9 0.155285422 0.603345945 0.235724902 0.603345945 0.24011250999999997 0.543043666 0.161198228 0.542178912 0.155285422 0.603345945
9 0.155285422 0.603345945 0.15089781400000002 0.6647446290000001 0.229948825 0.669440657 0.235724902 0.60444235 0.155285422 0.603345945
9 0.235724902 0.603345945 0.22841222200000003 0.66913025 0.314789988 0.666149405 0.317626917 0.605538755 0.235724902 0.603345945
9 0.31323930899999997 0.66913025 0.39660386 0.670226655 0.39816837299999996 0.6047127 0.317626917 0.60224954 0.31323930899999997 0.66913025
9 0.393678789 0.670226655 0.482893484 0.66913025 0.487397872 0.603615616 0.39660386 0.603345945 0.393678789 0.670226655
9 0.48435602 0.6713230600000001 0.569183107 0.6680338450000001 0.56638792 0.606906868 0.481430948 0.60444235 0.48435602 0.6713230600000001
9 0.5633329629999999 0.670226655 0.649622586 0.6724194649999999 0.6526918620000001 0.606906868 0.567720571 0.6066351600000001 0.5633329629999999 0.670226655
9 0.6510851219999999 0.674612275 0.741762354 0.67570868 0.7419213610000001 0.609101036 0.6525476579999999 0.6066351600000001 0.6510851219999999 0.674612275
9 0.741762354 0.674612275 0.8324395849999999 0.677901491 0.8267625239999999 0.6101981200000001 0.7461499619999999 0.609924376 0.741762354 0.674612275
9 0.14504767000000002 0.7305289340000001 0.226949686 0.729432529 0.23141160400000002 0.6672464889999999 0.15089781400000002 0.665841035 0.14504767000000002 0.7305289340000001
9 0.22841222200000003 0.7305289340000001 0.308851701 0.7349145549999999 0.31332720999999997 0.669440657 0.23133729400000003 0.66693744 0.22841222200000003 0.7305289340000001
9 0.310314237 0.7327217439999999 0.390753717 0.733818149 0.395242815 0.669440657 0.317626917 0.66693744 0.310314237 0.7327217439999999
9 0.393678789 0.7382037699999999 0.481430948 0.73601096 0.481546757 0.668343573 0.39660386 0.66693744 0.393678789 0.7382037699999999
9 0.481430948 0.73601096 0.570645643 0.7382037699999999 0.572239035 0.670537741 0.481430948 0.6713230600000001 0.481430948 0.73601096
9 0.5647954989999999 0.7414929849999999 0.6510851219999999 0.739300175 0.6525476579999999 0.674612275 0.5647954989999999 0.6724194649999999 0.5647954989999999 0.7414929849999999
9 0.741762354 0.6789978959999999 0.6540101939999999 0.676805086 0.6540101939999999 0.74258939 0.746309697 0.744042369 0.741762354 0.6789978959999999
9 0.7446874259999999 0.677901491 0.747612498 0.74258939 0.835364657 0.748071415 0.8311508599999999 0.678217329 0.7446874259999999 0.677901491