9 0.6155938340625412 0.5659440732972314 0.10120382565134378 0.07987095336861899
9 0.4127474459836634 0.7371656065956872 0.10669360136066053 0.0860746877564411
9 0.3689718027366644 0.6995807098412145 0.1096936013606604 0.08619692838913443
9 0.13888959580974491 0.5390229479669307 0.0987956792269133 0.07478945961349018
9 0.37947106005405007 0.4793863114229475 0.10195893779668552 0.0769117002461835
9 0.4195224290683384 0.5809100878610737 0.10112219636645772 0.07887095336861899
9 0.2286245069345913 0.5996519945983116 0.10004056708157157 0.07783020649105447
9 0.47201162713562167 0.40186170651362607 0.09895893779668541 0.07678945961349018
9 0.36445168423645957 0.7854788426473035 0.11408129920372415 0.10331916902182751
9 0.423613787522165 0.4392156894428067 0.0966324206571411 0.07270796585836138
9 0.6663181908155422 0.5245085966129219 0.10544871350600216 0.0830339408788766
9 0.4159410473443238 0.6553082206671627 0.10444871350600216 0.08299319400131208
9 0.3265326533590218 0.5906791740357816 0.10004056708157157 0.07783020649105447
9 0.2338385568766185 0.5296723680370938 0.0987956792269133 0.07478945961349018
9 0.3220329009198933 0.664118053719435 0.10336708422111598 0.08195244712374779
9 0.18969558184763208 0.49658747128262115 0.10212219636645772 0.07891170024618338
9 0.3381339885426603 0.38140328186238587 0.09446916208736889 0.07062647210323257
9 0.566828167545354 0.46128701875718503 0.10304056708157168 0.07795244712374778
9 0.5675324883184407 0.5320221640530164 0.10528545493623005 0.0810339408788766
9 0.38469508672588915 0.3421307926883341 0.0997956792269133 0.0748302064910547
9 0.23937912395819008 0.4556927414758761 0.0977140499420272 0.07374871273592577
9 0.3313283325859351 0.5197199209133461 0.09687730851179936 0.07570796585836137
9 0.13217554586771774 0.6090636948444951 0.10104056708157157 0.07787095336861899
9 0.38310348071119116 0.4104678051780764 0.09995893779668552 0.07683020649105458
9 0.2881137050018745 0.4203183851079132 0.10195893779668552 0.07691170024618339
9 0.47146083576336667 0.469657972125804 0.10395893779668552 0.0769931940013123
9 0.5181038107923531 0.5026410016863656 0.09995893779668541 0.07683020649105458
9 0.269604470954677 0.7081146507200912 0.10861197207577425 0.08515618151156991
9 0.4222772936528087 0.510532328493767 0.0977956792269133 0.07474871273592577
9 0.6160935865016698 0.49266818112383565 0.10087730851179959 0.07587095336861899
9 0.5200627485890387 0.4298039891966233 0.09555079137225493 0.07166721898079698
9 0.5147267498414251 0.6477946532270682 0.10436708422111587 0.08199319400131208
9 0.4261237642519769 0.3718379300755 0.09455079137225493 0.07162647210323257
9 0.19132800250477316 0.4277504587928788 0.10620382565134377 0.08007468775644111
9 0.5684102919519831 0.6067369359100654 0.11285685993043262 0.08831916902182751
9 0.22212475449546276 0.6731723680370939 0.10328545493622994 0.08095244712374779
9 0.2813896783300354 0.5576350241588733 0.10320382565134378 0.07995244712374779
9 0.18344071726316186 0.5671078447214033 0.10320382565134378 0.07995244712374779
9 0.2845629136296195 0.48823689135278436 0.10295893779668552 0.07695244712374778
9 0.3741348137455652 0.6241214567187789 0.10544871350600216 0.08303394087887682
9 0.5162265022805537 0.574478014176108 0.10312219636645772 0.07895244712374778
9 0.27572666732113466 0.6331146507200911 0.10736708422111599 0.08211543463400539
9 0.3342056410977345 0.4478421615460393 0.09571404994202715 0.07366721898079698
9 0.46609424666399357 0.6941282627174666 0.114101747785091 0.09135991589939203
9 0.47464404779276276 0.3329839471463193 0.09895893779668541 0.07678945961349018
9 0.3158392995592328 0.7460976802806528 0.10561197207577425 0.08503394087887682
9 0.42755211169690277 0.30550091758575765 0.09246916208736888 0.07054497834810376
9 0.09678743542320156 0.5053565574573291 0.10536708422111601 0.0820339408788766
9 0.4666654040973248 0.6138727439828531 0.10744871350600203 0.08311543463400539
9 0.24276665676067286 0.38977423523100485 0.09863242065714109 0.07278945961349018
9 0.4702467858213395 0.5394746111767641 0.10828545493622982 0.0811561815115699
9 0.14780771896398737 0.46640070733423744 0.09687730851179942 0.07570796585836137
9 0.6135117096559121 0.4205145295831331 0.0987956792269133 0.07478945961349018
9 0.3797161954695798 0.5496418301575611 0.10028545493622994 0.08083020649105446
9 0.5667565149902799 0.3950111265837893 0.10187730851179935 0.0759117002461835
9 0.17799200375715976 0.646067097843839 0.1045303427908882 0.0839931940013123
9 0.7141649914958724 0.48169536056130563 0.10679567922691331 0.0751154346340054
9 0.5185319106764074 0.36308921733957417 0.09346916208736888 0.07058572522566817
9 0.2878685695863447 0.3500628663732997 0.10687730851179936 0.0761154346340054
9 0.33864396527247226 0.3141070162502079 0.0966324206571411 0.07270796585836138
9 0.3874601756010428 0.27773265988224505 0.1053670842211161 0.0820339408788766
9 0.6637363139697846 0.4523549450722194 0.10520382565134377 0.0800339408788766
9 0.08678768298407301 0.5790195449675869 0.10336708422111601 0.08195244712374779
9 0.04760801521449942 0.5498735278967675 0.09521603042899884 0.0749524471237478