9 0.24209269376188228 0.6193469064410491 0.10643131532411383 0.08934231525406858
9 0.6123423854518613 0.34965931536820444 0.0992742197397597 0.079852827570464
9 0.5388432615537956 0.6416485701057699 0.11257095584353966 0.09776187612572948
9 0.48649581480284276 0.30990016686114324 0.0911520342852624 0.07229341307491598
9 0.27793926441090083 0.6653994680230262 0.09937895012932915 0.08585282757046389
9 0.47791055116396275 0.6784490690402959 0.105448770389042 0.09027238844212525
9 0.3100515867491075 0.5835569198229187 0.10134403999947267 0.08399268119435101
9 0.5935380573994441 0.41955785160707465 0.09827421973975971 0.07978290075852056
9 0.5400180716849702 0.4508338994520242 0.09422185454497525 0.07650319351074654
9 0.5578660373997079 0.38350529002509753 0.09218694441511889 0.07436333988685942
9 0.3764209332440383 0.3706620429868729 0.09318694441511878 0.07443326669880299
9 0.32119855973527833 0.7059275785154271 0.1024836805188985 0.09206260800629457
9 0.2956140745420754 0.47343100497221247 0.1023091298696163 0.08206260800629457
9 0.5767773670093477 0.49181653422205784 0.10232658493454437 0.08306260800629457
9 0.5043111415553774 0.41278133787004706 0.09527421973975993 0.07957312032268998
9 0.49949669090477705 0.5958407523655951 0.09937895012932915 0.08585282757046389
9 0.3650628449311174 0.5516759817600538 0.10336149506440097 0.08513253481823813
9 0.3224445851918848 0.4044730542377942 0.09727421973975993 0.07971297394657699
9 0.5420681657121014 0.2814842653923066 0.09823930960990356 0.07778290075852055
9 0.4405901631123365 0.6340013976762341 0.10443131532411383 0.08920246163018146
9 0.4295304654508068 0.5166307389837257 0.09627421973975993 0.07964304713463344
9 0.5584904940218588 0.5626801070549563 0.10339640519425734 0.08713253481823813
9 0.34438070233319784 0.6287143716228111 0.10239640519425734 0.08706260800629434
9 0.40912786337363105 0.4089243850046806 0.09725676467483163 0.07871297394657699
9 0.2598984168800184 0.43487844339023535 0.09425676467483163 0.07850319351074654
9 0.725989358438032 0.464862475836503 0.0962742197397597 0.07964304713463344
9 0.7137461231128637 0.5378064877977404 0.10239640519425756 0.08706260800629456
9 0.4349409189585123 0.33903636108220575 0.09520439948004696 0.07557312032268987
9 0.6714693727235581 0.49620845049339607 0.10136149506440097 0.08499268119435101
9 0.3317773670093476 0.5089486031482179 0.10029167480468812 0.08092275438240745
9 0.6139319319441559 0.5267642055861197 0.09729167480468823 0.08071297394657699
9 0.39923486493085386 0.5878334335599462 0.0983265849345446 0.08278290075852056
9 0.10116897038640583 0.4614968064892535 0.11537895012932918 0.08697165656156017
9 0.35306423999683656 0.43787524987948895 0.09523930960990344 0.07757312032268987
9 0.3541062231115456 0.7556899205332347 0.10555350077861135 0.09627238844212502
9 0.46462166649071274 0.376008483535844 0.09218694441511889 0.07436333988685942
9 0.48058536129513724 0.48752950816863483 0.10129167480468812 0.080992681194351
9 0.2713446566195147 0.545714138676772 0.10236149506440097 0.08506260800629457
9 0.3751225425926471 0.6691165672645056 0.10343131532411383 0.08913253481823813
9 0.2346377264899219 0.5077315039067384 0.09927421973975988 0.079852827570464
9 0.2043522485681521 0.46479434485907195 0.09929167480468812 0.080852827570464
9 0.1393409903861422 0.4973745510413719 0.09627421973975987 0.07964304713463344
9 0.16717150103595163 0.42834667349501004 0.09725676467483169 0.07871297394657699
9 0.4457824283084392 0.4439070197747142 0.09523930960990344 0.07757312032268987
9 0.17016137843776843 0.5422767466830666 0.1053964051942574 0.08727238844212502
9 0.7702311986974812 0.5043206595169604 0.11448368051889839 0.09290172974961672
9 0.6500493155814541 0.3875720233262946 0.09520439948004696 0.07557312032268987
9 0.5957585168787003 0.6041277784190181 0.10237895012932927 0.08606260800629434
9 0.20584212596996893 0.5788293082650436 0.10034403999947272 0.08392275438240768
9 0.38980608025628577 0.47785788464952256 0.10030912986961629 0.08192275438240756
9 0.417995295839058 0.7161796411628782 0.10953604571368317 0.09555209568989903
9 0.4602286680479355 0.5545329346254202 0.10336149506440097 0.08513253481823813
9 0.5232486537624095 0.5225925820670073 0.09829167480468823 0.08078290075852056
9 0.6867737007759751 0.4265546580963282 0.1043265849345446 0.08320246163018158
9 0.5196940173999715 0.34762754547297914 0.09625676467483163 0.07864304713463344
9 0.5028437805175804 0.2426764476521318 0.09325676467483163 0.07843326669880298
9 0.22760421142578457 0.39158113796645594 0.09837895012932915 0.08578290075852056
9 0.655761047528246 0.5713972062964358 0.11155350077861158 0.09669194931378615
9 0.5727401857118377 0.31788646103400137 0.09016948935019059 0.07322348626297241
9 0.6343060802562858 0.4607607791293342 0.09625676467483163 0.07864304713463344
9 0.3962863540237041 0.3041935799360592 0.09120439948004697 0.07529341307491585
9 0.283737655062292 0.3666302730916476 0.09520439948004696 0.07557312032269
9 0.3397052755819814 0.33217940821683933 0.09427421973975993 0.07950319351074654
9 0.44831506727064224 0.27352242230902485 0.10025676467483163 0.07892275438240756