8 0.154907745 0.250678158 0.110488584 0.784699915 0.952807474 0.846365245 0.915186556 0.18165514500000002 0.154907745 0.250678158
10 0.18123021 0.7415341839999999 0.849162767 0.774833462 0.8261306100000001 0.24327831800000002 0.21423462499999998 0.292721472 0.18123021 0.7415341839999999
9 0.256907298 0.62313675 0.192746288 0.618203524 0.187907791 0.6789854769999999 0.250326681 0.6798688540000001 0.256907298 0.62313675
9 0.191101134 0.6206701379999999 0.255262144 0.619436831 0.260197606 0.563938034 0.197780354 0.5642169380000001 0.191101134 0.6206701379999999
9 0.196036597 0.505972624 0.192746288 0.5627047270000001 0.26195200999999996 0.5642169380000001 0.263487914 0.5047393170000001 0.196036597 0.505972624
9 0.196036597 0.5047393170000001 0.263487914 0.5047393170000001 0.266778222 0.45047382700000005 0.201071208 0.451916541 0.196036597 0.5047393170000001
9 0.271713684 0.39497503 0.205907521 0.396208336 0.207652916 0.45068247100000003 0.27006853000000003 0.45047382700000005 0.271713684 0.39497503
9 0.207552675 0.397441643 0.263487914 0.393741723 0.268423376 0.34070954 0.207552675 0.346876073 0.207552675 0.397441643
9 0.210842983 0.291377275 0.207552675 0.345642766 0.270179145 0.340850214 0.273358838 0.28644404900000003 0.210842983 0.291377275
9 0.332584385 0.62313675 0.26184276 0.6206701379999999 0.253616989 0.6848020800000001 0.326123665 0.683921758 0.332584385 0.62313675
9 0.25855245200000004 0.6219034440000001 0.330939231 0.62313675 0.33422953899999996 0.5627047270000001 0.265242864 0.5629828680000001 0.25855245200000004 0.6219034440000001
9 0.26513306799999997 0.5047393170000001 0.26513306799999997 0.559004807 0.335874694 0.5614714209999999 0.33764165500000004 0.5049815639999999 0.26513306799999997 0.5047393170000001
9 0.266778222 0.5047393170000001 0.337519848 0.502272704 0.337519848 0.44924052 0.266888291 0.45068247100000003 0.266778222 0.5047393170000001
9 0.266778222 0.393741723 0.266778222 0.45047382700000005 0.339287082 0.44944839999999997 0.34081015600000003 0.39127511 0.266778222 0.393741723
9 0.27006853000000003 0.393741723 0.344100464 0.392508417 0.344100464 0.33700962 0.27840628 0.342084284 0.27006853000000003 0.393741723
9 0.273358838 0.287677356 0.273358838 0.34070954 0.344223363 0.33591393199999997 0.345745618 0.282744129 0.273358838 0.287677356
9 0.332584385 0.6219034440000001 0.409906627 0.62313675 0.40826147300000004 0.560238114 0.334350801 0.561748798 0.332584385 0.6219034440000001
9 0.339165002 0.502272704 0.335874694 0.5614714209999999 0.411551781 0.5614714209999999 0.41168587300000004 0.5049815639999999 0.339165002 0.502272704
9 0.339165002 0.501039397 0.411551781 0.501039397 0.411551781 0.44800721299999996 0.339287082 0.451916541 0.339165002 0.501039397
9 0.339165002 0.39127511 0.335874694 0.44924052 0.41168587300000004 0.44574619 0.41484208899999997 0.390041804 0.339165002 0.39127511
9 0.34245531 0.39127511 0.411551781 0.39127511 0.416487244 0.33330970000000004 0.34586879 0.33714800300000003 0.34245531 0.39127511
9 0.344100464 0.282744129 0.34081015600000003 0.33947623299999996 0.414976727 0.33714800300000003 0.41484208899999997 0.277810903 0.344100464 0.282744129
9 0.413196935 0.503506011 0.409906627 0.560238114 0.49051917700000003 0.5614714209999999 0.490666372 0.501279353 0.413196935 0.503506011
9 0.49051917700000003 0.443073987 0.411551781 0.446773907 0.4133313 0.502513423 0.48722886899999995 0.503506011 0.49051917700000003 0.443073987
9 0.413196935 0.390041804 0.411551781 0.44800721299999996 0.490666372 0.444512119 0.483938561 0.38387527 0.413196935 0.390041804
9 0.413196935 0.388808497 0.49051917700000003 0.38757519 0.492164331 0.32960978 0.416622154 0.33344579199999996 0.413196935 0.388808497
9 0.41484208899999997 0.274110983 0.413196935 0.33330970000000004 0.490666372 0.328509511 0.492164331 0.26917775699999996 0.41484208899999997 0.274110983
9 0.49051917700000003 0.385108577 0.564551111 0.381408657 0.569486573 0.322209941 0.495602654 0.328509511 0.49051917700000003 0.385108577
9 0.49051917700000003 0.26794445 0.49051917700000003 0.32960978 0.571292299 0.32357323000000004 0.569486573 0.26301122400000004 0.49051917700000003 0.26794445
9 0.5711317269999999 0.501039397 0.5661962650000001 0.565171341 0.655034585 0.5627047270000001 0.655209079 0.500045283 0.5711317269999999 0.501039397
9 0.569486573 0.501039397 0.651744277 0.497339477 0.651744277 0.439374068 0.572937726 0.44080990800000003 0.569486573 0.501039397
9 0.5711317269999999 0.380175351 0.569486573 0.444307294 0.655209079 0.44080990800000003 0.651744277 0.37770873699999996 0.5711317269999999 0.380175351
9 0.6533894309999999 0.318510021 0.569486573 0.318510021 0.5745831530000001 0.380340463 0.650099123 0.380175351 0.6533894309999999 0.318510021
9 0.569486573 0.26301122400000004 0.567841419 0.322209941 0.651918225 0.317402878 0.650099123 0.258077997 0.569486573 0.26301122400000004
9 0.738937444 0.30987687399999997 0.6484539690000001 0.317276714 0.651918225 0.37663825300000003 0.7405825979999999 0.374008818 0.738937444 0.30987687399999997
9 0.650099123 0.256844691 0.651744277 0.317276714 0.7358350060000001 0.31246659699999996 0.735647135 0.251911464 0.650099123 0.256844691
9 0.827775764 0.301243728 0.738937444 0.30864356800000003 0.7407712870000001 0.371701971 0.832711226 0.367842285 0.827775764 0.301243728
9 0.7405825979999999 0.312343488 0.827775764 0.303710342 0.829624349 0.24335865999999998 0.738937444 0.248211545 0.7405825979999999 0.312343488
9 0.49051917700000003 0.502272704 0.48722886899999995 0.563938034 0.569486573 0.565171341 0.5696468720000001 0.503747494 0.49051917700000003 0.502272704
9 0.569486573 0.502272704 0.569486573 0.441840681 0.49051917700000003 0.444307294 0.490666372 0.501279353 0.569486573 0.502272704
9 0.49545464 0.38387527 0.49051917700000003 0.446773907 0.564710591 0.443278049 0.567841419 0.38387527 0.49545464 0.38387527
9 0.6533894309999999 0.37770873699999996 0.651744277 0.440607374 0.737480433 0.43710769699999996 0.73729229 0.372775511 0.6533894309999999 0.37770873699999996
9 0.738937444 0.371542205 0.742227752 0.435674148 0.8345606299999999 0.434639557 0.827775764 0.366608978 0.738937444 0.371542205
9 0.742227752 0.43444084099999997 0.7405825979999999 0.49487286399999997 0.8345606299999999 0.497577142 0.832711226 0.43320753500000003 0.742227752 0.43444084099999997
9 0.651744277 0.498572784 0.655034585 0.5627047270000001 0.74551806 0.565171341 0.7407712870000001 0.500045283 0.651744277 0.498572784
9 0.6533894309999999 0.49487286399999997 0.7438729059999999 0.49610617100000004 0.742227752 0.440607374 0.653563652 0.44080990800000003 0.6533894309999999 0.49487286399999997
9 0.74551806 0.497339477 0.7471632140000001 0.563938034 0.8392918429999999 0.565171341 0.8345606299999999 0.500045283 0.74551806 0.497339477
9 0.742227752 0.5627047270000001 0.7471632140000001 0.633003204 0.8427877650000001 0.633324875 0.840936997 0.563938034 0.742227752 0.5627047270000001
9 0.6533894309999999 0.6293032839999999 0.7471632140000001 0.6305365900000001 0.7438729059999999 0.563938034 0.651918225 0.5642169380000001 0.6533894309999999 0.6293032839999999
9 0.569486573 0.628069977 0.6566797400000001 0.6305365900000001 0.655034585 0.5627047270000001 0.5680014449999999 0.5642169380000001 0.569486573 0.628069977
9 0.48887402300000005 0.6243700569999999 0.48887402300000005 0.688502 0.5696468720000001 0.696262461 0.569486573 0.625603364 0.48887402300000005 0.6243700569999999
9 0.49051917700000003 0.6243700569999999 0.569486573 0.6243700569999999 0.5661962650000001 0.565171341 0.490666372 0.5642169380000001 0.49051917700000003 0.6243700569999999
9 0.40826147300000004 0.62313675 0.49051917700000003 0.6243700569999999 0.48887402300000005 0.5627047270000001 0.41168587300000004 0.5629828680000001 0.40826147300000004 0.62313675
9 0.332584385 0.62313675 0.32764892300000004 0.687268694 0.405104165 0.687623969 0.40826147300000004 0.6219034440000001 0.332584385 0.62313675
9 0.411551781 0.6243700569999999 0.40661631899999995 0.687268694 0.489020945 0.6900921090000001 0.48722886899999995 0.625603364 0.411551781 0.6243700569999999
9 0.569486573 0.628069977 0.5711317269999999 0.69220192 0.655209079 0.697496531 0.6533894309999999 0.6305365900000001 0.569486573 0.628069977
9 0.6583248939999999 0.6305365900000001 0.655034585 0.697135147 0.748998422 0.702432812 0.7471632140000001 0.6354698160000001 0.6583248939999999 0.6305365900000001
9 0.750453522 0.69960176 0.8458724590000001 0.704534986 0.8458724590000001 0.6305365900000001 0.7471632140000001 0.633003204 0.750453522 0.69960176
9 0.7520986759999999 0.705768293 0.75374383 0.772366849 0.846078619 0.77647703 0.844227305 0.710701519 0.7520986759999999 0.705768293
9 0.6583248939999999 0.7674336230000001 0.7520986759999999 0.7711335420000001 0.7471632140000001 0.7020683729999999 0.6616152019999999 0.700835066 0.6583248939999999 0.7674336230000001
9 0.569486573 0.763733703 0.6583248939999999 0.766200316 0.655034585 0.6983684530000001 0.5696468720000001 0.696262461 0.569486573 0.763733703
9 0.49051917700000003 0.7563338629999999 0.5661962650000001 0.76126709 0.569486573 0.69220192 0.492311799 0.69132618 0.49051917700000003 0.7563338629999999
9 0.40661631899999995 0.7514006369999999 0.49051917700000003 0.755100557 0.49051917700000003 0.690968613 0.40839501899999997 0.688858039 0.40661631899999995 0.7514006369999999
9 0.32764892300000004 0.746467411 0.40497116499999997 0.7514006369999999 0.403326011 0.687268694 0.334350801 0.686389898 0.32764892300000004 0.746467411
9 0.255262144 0.742767491 0.326003769 0.7477007170000001 0.326003769 0.686035387 0.255262144 0.687268694 0.255262144 0.742767491
9 0.18452051800000002 0.740300877 0.253616989 0.744000797 0.253616989 0.681102161 0.187907791 0.682687688 0.18452051800000002 0.740300877