8 0 0.775627556 0.8388390560000001 0.9333870839999999 0.93656999 0.335480675 0.186632453 0.104701025 0 0.661698934 0 0.775627556
10 0.870909964 0.37115358099999995 0.247893189 0.187311528 0.08160635100000001 0.716695539 0.78621685 0.858230414 0.870909964 0.37115358099999995
2 0.8552484683459929 0.7061873648121837 0.05512408306141174 0.07361671083386136
9 0.7792867633684054 0.6867972067217986 0.09129866523084275 0.08003560875874836
3 0.8626252266673772 0.6417513631062636 0.05100769494845758 0.06957016661998523
4 0.8743564998475688 0.5823677236409545 0.05189130683550366 0.06558180267345415
5 0.8845732245136414 0.5234666300954416 0.05489130683550365 0.06561671083386136
9 0.7891198761474321 0.6238902951495513 0.09732776225908128 0.08110542507956302
9 0.7978947948699815 0.5629717475238349 0.08815318008965005 0.07500070059834116
9 0.8100969710219347 0.5045939260852603 0.09215318008965005 0.07504724481221763
9 0.8217845986597686 0.44671028661995116 0.09312408306141151 0.07405888086568665
6 0.892246303637356 0.4660364464162562 0.05489130683550365 0.06561671083386147
7 0.9034048342469514 0.4091469889242125 0.053833112779026575 0.06360507478039244
0 0.8340676942738208 0.8324837338764746 0.05109498603317297 0.07257016661998524
1 0.8438717100246087 0.7705768223042273 0.05097859792021905 0.06857016661998523
7 0.18778243395113162 0.1987515763462679 0.06412408306141168 0.07372143531508323
6 0.1653765786015088 0.2640130372501516 0.06112408306141162 0.07368652715467601
5 0.14207256285072084 0.32576286210056626 0.07629866523084275 0.0798610679567123
4 0.1251812560152173 0.39058832129853005 0.07226956820260423 0.07881452374283594
3 0.10173175512323673 0.4573381461489447 0.07841505334379681 0.08388434006365036
2 0.07872406017477913 0.5260937890260939 0.08250234442851237 0.08693088427752672
1 0.05958542859924822 0.5993959761171195 0.0847351206544205 0.09495415638446503
0 0.036164452932523405 0.6700818026734543 0.07232890586504681 0.09094252033099588
9 0.2819386201322146 0.2288570014258309 0.10138595631555836 0.08315196929343938
9 0.35102356678841784 0.3126889792488705 0.10229866523084274 0.08016360534690853
9 0.3657839369968481 0.2523402479439686 0.10324047117436566 0.07817524140037756
9 0.45307105980500445 0.2778642206492481 0.1004150533437969 0.08414033323997024
9 0.530430925183757 0.3007718328198366 0.09424047117436567 0.07807051691915581
9 0.608805339076629 0.3231910810438943 0.10038595631555836 0.08314033323997023
9 0.6822088499977395 0.3445521490006066 0.09329866523084275 0.08005888086568666
9 0.7214767354347519 0.5420757714067154 0.08418227711788859 0.07595415638446502
9 0.7346061690161086 0.4862095860216099 0.09529866523084274 0.08008215297262496
9 0.7448083451680618 0.42780849247609704 0.0931822771178886 0.07605888086568666
9 0.7600396183482535 0.3684655791979297 0.09426956820260421 0.0790705169191558
9 0.8304867748117217 0.38829173899423475 0.0930949860331732 0.07305888086568665
9 0.6301673691640185 0.5860285265944978 0.10150234442851251 0.08715196929343938
9 0.6460441274854029 0.5216914313430651 0.09018227711788859 0.07602397270527944
9 0.6567463036373561 0.46329615582428674 0.09629866523084274 0.08009378902609388
9 0.6694484797893092 0.4049241524124466 0.09006588900493466 0.07202397270527945
9 0.5778427927162455 0.44187108957349447 0.09732776225908128 0.08110542507956302
9 0.5915449688681987 0.3835107222151235 0.09215318008965005 0.07504724481221763
9 0.5141414579470884 0.3621031100445349 0.08215318008965004 0.07493088427752673
9 0.42299212533166697 0.4005558652323173 0.10335685928731982 0.08217524140037756
9 0.43579614108245496 0.3386838618204772 0.09632776225908128 0.08109378902609399
9 0.24431604011651942 0.35296137560788204 0.10953144145675088 0.0882450577211921
9 0.26267824992378447 0.2891533704901219 0.10432776225908129 0.08118687745384659
9 0.3351904540093913 0.3755260745003033 0.11247324740027387 0.08627996588159931
9 0.4860770719878701 0.48431802673454233 0.09335685928731982 0.08205888086568677
9 0.4988810877386581 0.42244602332270226 0.0901822771178887 0.07602397270527944
9 0.5338434543791661 0.6304231015149347 0.10156053848498936 0.08915196929343938
9 0.5527056641864312 0.5666209144239092 0.09629866523084274 0.08009378902609388
9 0.5650242284513384 0.5042430929853345 0.09215318008965027 0.07504724481221774
9 0.3888549968018524 0.5252009656015102 0.10744415037203532 0.08522178561425381
9 0.403688109580879 0.4623522342966083 0.10635685928731982 0.08221014956078489
9 0.31428459865976854 0.4408049894843907 0.10138595631555836 0.08315196929343938
9 0.22495383030925442 0.4167577446721731 0.10941505334379684 0.08424505772119209
9 0.2049897809031546 0.4840482957097295 0.10956053848498942 0.08924505772119198
9 0.2979660343948613 0.503136266709089 0.10341505334379679 0.08417524140037756
9 0.4722585077229629 0.5466783940929133 0.09529866523084274 0.08008215297262496
9 0.6978541554190565 0.6663430503373337 0.0912695682026042 0.0790356087587486
9 0.711129074141606 0.6054768649522282 0.10032776225908129 0.08114033323997023
9 0.6148779019273497 0.6473714398726652 0.09838595631555835 0.08311706113303216
9 0.45436720088745935 0.6114922172374079 0.09332776225908128 0.08105888086568666
9 0.3674636899663489 0.5899740625588631 0.10244415037203533 0.0851636053469083
9 0.27951653350288075 0.569944271826849 0.10247324740027386 0.0861636053469083
9 0.1865111829829355 0.5518563008274896 0.1075023444285124 0.08722178561425381
9 0.16143074546388161 0.6230886715977008 0.10773512065442048 0.0952217856142538
9 0.2593924504414691 0.6427348228644055 0.10967692659794352 0.0932450577211921
9 0.352383252447295 0.6613227938637649 0.10956053848498937 0.0892450577211921
9 0.43790315148135955 0.6788234944621063 0.10244415037203533 0.0851636053469083
9 0.5224085020013047 0.6968125590069784 0.10567692659794352 0.09319851350731574
9 0.605797464408296 0.7187899874983815 0.10153144145675083 0.08815196929343938
9 0.6868464604705989 0.7352383258561119 0.10244415037203544 0.08516360534690852
9 0.7674245535611405 0.7506808461871078 0.09129866523084275 0.0800356087587486
9 0.7500041496973984 0.8165004873583369 0.08735685928731982 0.08198906454487223
9 0.6699406051209762 0.8005637850540757 0.09244415037203543 0.08504724481221775
9 0.5879498031151502 0.7821038106428762 0.09744415037203544 0.08510542507956302
9 0.5063717100246087 0.7666496542584111 0.09956053848498937 0.08912869718650109
9 0.41485181099054413 0.7490791373392555 0.10670602362618195 0.09421014956078488
9 0.32980281492824115 0.7325842547676487 0.10973512065442048 0.0952450577211921
9 0.23787020697889222 0.7120079198217584 0.10967692659794352 0.0932450577211921
9 0.14145214754366253 0.6908792226352571 0.10976421768265902 0.0962450577211921