8 0.080091913 0.8903037779999999 0.911020588 0.630080693 0.800128011 0.109589663 0.030295801 0.26025909999999997 0.080091913 0.8903037779999999
10 0.743233352 0.16631059099999998 0.12182965500000001 0.291738333 0.16723242500000002 0.8014903409999999 0.830735356 0.60035402 0.743233352 0.16631059099999998
9 0.211371835 0.332834758 0.20717809299999998 0.27562180799999997 0.124758717 0.290934064 0.125670283 0.34774614200000004 0.211371835 0.332834758
9 0.29398579999999996 0.256971774 0.20552540400000002 0.274902348 0.211395036 0.33387280399999997 0.299589353 0.314806172 0.29398579999999996 0.256971774
9 0.37490553 0.242045454 0.29399832600000003 0.258046453 0.299310748 0.312595434 0.38489619900000005 0.297616727 0.37490553 0.242045454
9 0.460983425 0.28163736899999997 0.383527981 0.298068199 0.38911314199999997 0.355867724 0.47111461000000004 0.33723936 0.460983425 0.28163736899999997
9 0.454172234 0.22639905500000002 0.377931087 0.242348286 0.383382813 0.298002636 0.461122727 0.28274273699999997 0.454172234 0.22639905500000002
9 0.527245 0.211190495 0.45250492600000003 0.22675483700000001 0.460565518 0.278321263 0.5354179609999999 0.264938552 0.527245 0.211190495
9 0.606511703 0.195544097 0.527078765 0.21116139 0.539818819 0.262675455 0.608617717 0.25083638199999997 0.606511703 0.195544097
9 0.629975569 0.358338347 0.70117005 0.33922123699999995 0.6938610119999999 0.282721432 0.619565778 0.300525618 0.629975569 0.358338347
9 0.68566112 0.230049638 0.6148553769999999 0.24935473300000002 0.620122987 0.304947094 0.695931608 0.286756998 0.68566112 0.230049638
9 0.673669309 0.18298548299999998 0.606332066 0.195515582 0.61453196 0.24818737500000002 0.678094188 0.231979185 0.673669309 0.18298548299999998
9 0.744746738 0.165924681 0.6730603700000001 0.179640942 0.686079026 0.233365744 0.754320715 0.217105197 0.744746738 0.165924681
9 0.7984105039999999 0.43061784999999997 0.784916821 0.371521102 0.715358167 0.391328767 0.72700274 0.446544849 0.7984105039999999 0.43061784999999997
9 0.715428885 0.390381928 0.7864873280000001 0.37319103000000003 0.77402588 0.32388770299999997 0.705644888 0.33904288200000005 0.715428885 0.390381928
9 0.705644888 0.33904288200000005 0.7739640379999999 0.321800572 0.76252061 0.26977699 0.694418222 0.287142908 0.705644888 0.33904288200000005
9 0.765759752 0.269095986 0.754320715 0.217105197 0.686079026 0.233365744 0.6924869290000001 0.28421271000000004 0.765759752 0.269095986
9 0.554027646 0.37542307399999997 0.631542724 0.35697600999999995 0.619565778 0.300525618 0.547062534 0.320154634 0.554027646 0.37542307399999997
9 0.611505187 0.248959193 0.5402689749999999 0.264949266 0.542383072 0.320206992 0.6197050799999999 0.301630988 0.611505187 0.248959193
9 0.478079722 0.39250779999999996 0.554068435 0.37444854299999997 0.548158013 0.31645261799999996 0.468227141 0.33911654700000005 0.478079722 0.39250779999999996
9 0.539818819 0.262675455 0.465682572 0.28054379999999995 0.46946192200000003 0.3365199 0.548854525 0.321979462 0.539818819 0.262675455
9 0.383382813 0.298002636 0.302747639 0.314100572 0.303666993 0.3719518 0.388973839 0.35476235500000003 0.383382813 0.298002636
9 0.302755428 0.315139722 0.211371835 0.332834758 0.218778053 0.392457351 0.306972371 0.373390719 0.302755428 0.315139722
9 0.21290842299999999 0.33348689400000003 0.127703607 0.350745131 0.136637283 0.409980346 0.218917356 0.39356272000000003 0.21290842299999999 0.33348689400000003
9 0.136981791 0.47395488599999996 0.220386131 0.454796272 0.217543272 0.39505399799999996 0.133889114 0.41296290199999997 0.136981791 0.47395488599999996
9 0.22478698800000002 0.45253317600000004 0.314495543 0.432114168 0.30545898499999996 0.373776629 0.217264668 0.39284325999999997 0.22478698800000002 0.45253317600000004
9 0.314494691 0.433080635 0.397745607 0.410885634 0.390208622 0.352165708 0.306693767 0.371179981 0.314494691 0.433080635
9 0.39787024400000004 0.41296099199999997 0.475219895 0.39341310199999996 0.470836006 0.335028622 0.39062652800000003 0.355481815 0.39787024400000004 0.41296099199999997
9 0.69945204 0.339481152 0.631542724 0.35697600999999995 0.6391316389999999 0.406202757 0.710539404 0.390275758 0.69945204 0.339481152
9 0.5743406099999999 0.48572208499999997 0.651612025 0.468051051 0.639967453 0.412834969 0.565532916 0.42953378600000003 0.5743406099999999 0.48572208499999997
9 0.6465146580000001 0.464787304 0.63837276 0.411172622 0.565672218 0.430639156 0.567957869 0.485959955 0.6465146580000001 0.464787304
9 0.631488955 0.357952438 0.555860849 0.376274676 0.56401953 0.429919695 0.6391316389999999 0.406202757 0.631488955 0.357952438
9 0.553888344 0.374317705 0.47824717099999997 0.392641155 0.488071606 0.44700442199999996 0.5608534550000001 0.429586146 0.553888344 0.374317705
9 0.475192252 0.394384987 0.396371357 0.412377662 0.40786212899999996 0.46745761399999997 0.483670749 0.449267519 0.475192252 0.394384987
9 0.396217556 0.412241534 0.317522819 0.43134222099999997 0.318572332 0.490226263 0.403600573 0.47082608 0.396217556 0.412241534
9 0.314216086 0.430869897 0.230827315 0.450024541 0.229003931 0.510784174 0.31843302999999995 0.48912089400000003 0.314216086 0.430869897
9 0.22327360100000002 0.452919085 0.136842402 0.472848833 0.14425429399999998 0.532395093 0.229003931 0.510784174 0.22327360100000002 0.452919085
9 0.14791300000000002 0.5978847230000001 0.23873614799999998 0.575615024 0.234101298 0.51404792 0.144532898 0.5346058309999999 0.14791300000000002 0.5978847230000001
9 0.149147861 0.595286642 0.23708346 0.5748955640000001 0.232170006 0.511117723 0.146046285 0.534219921 0.149147861 0.595286642
9 0.241897914 0.575060429 0.329539331 0.552460467 0.322694584 0.485752429 0.23203070399999998 0.510012355 0.241897914 0.575060429
9 0.239970931 0.5730183759999999 0.32775708600000003 0.54974179 0.318572332 0.490226263 0.23382269400000003 0.511837183 0.239970931 0.5730183759999999
9 0.332576776 0.550795977 0.410983591 0.5294106279999999 0.406627346 0.470054261 0.31843302999999995 0.48912089400000003 0.332576776 0.550795977
9 0.33063481100000003 0.54875845 0.412520787 0.5281272840000001 0.404835355 0.468229434 0.321459802 0.48834907600000005 0.33063481100000003 0.54875845
9 0.415548061 0.527355338 0.495454624 0.50558897 0.488071606 0.44700442199999996 0.40786212899999996 0.46745761399999997 0.415548061 0.527355338
9 0.41084428900000003 0.5283052579999999 0.495492072 0.504686645 0.48064397600000003 0.450039338 0.406627346 0.470054261 0.41084428900000003 0.5283052579999999
9 0.49563146 0.5057926979999999 0.572915934 0.488118334 0.565393614 0.42842841800000003 0.486836824 0.449601069 0.49563146 0.5057926979999999
9 0.571402547 0.488504242 0.564343911 0.431191368 0.486836824 0.449601069 0.495454624 0.50558897 0.571402547 0.488504242
9 0.651675511 0.46714350000000004 0.7303081180000001 0.447983768 0.7123313950000001 0.392100585 0.639688849 0.410624231 0.651675511 0.46714350000000004
9 0.72411527 0.44842203599999997 0.7126803859999999 0.39336598199999995 0.640106755 0.413940339 0.6496807330000001 0.46512085400000003 0.72411527 0.44842203599999997
9 0.15476267100000002 0.664633893 0.245162989 0.6390069549999999 0.239831629 0.571913008 0.147932966 0.598769581 0.15476267100000002 0.664633893
9 0.24970314799999999 0.637849228 0.33446737000000004 0.615384909 0.326094652 0.5499161779999999 0.241345014 0.571527098 0.24970314799999999 0.637849228
9 0.34022772700000004 0.6124839329999999 0.420465931 0.591172322 0.411122893 0.530515996 0.327747341 0.5506356379999999 0.34022772700000004 0.6124839329999999
9 0.42497736300000005 0.5908730130000001 0.5035766039999999 0.568837736 0.49435914400000003 0.509290984 0.41084428900000003 0.5283052579999999 0.42497736300000005 0.5908730130000001
9 0.583241837 0.543956937 0.569749859 0.487784784 0.495593927 0.506694339 0.504768936 0.567103713 0.583241837 0.543956937
9 0.659063101 0.525764323 0.646932564 0.46810341 0.571263245 0.487398874 0.581812338 0.546316971 0.659063101 0.525764323
9 0.660369128 0.52514432 0.734107155 0.502918658 0.7256286559999999 0.448036127 0.649959337 0.467331591 0.660369128 0.52514432
9 0.80495771 0.482570185 0.793957436 0.430862007 0.7256286559999999 0.448036127 0.735759842 0.503638118 0.80495771 0.482570185
9 0.822076577 0.54241779 0.8067497 0.484395013 0.732872372 0.505515306 0.747822321 0.562170305 0.822076577 0.54241779
9 0.734385759 0.505129397 0.660576739 0.52537835 0.672570909 0.584781876 0.7463089350000001 0.562556215 0.734385759 0.505129397
9 0.654315582 0.5266879569999999 0.585034252 0.5457830699999999 0.594153423 0.6070598979999999 0.66803075 0.585939604 0.654315582 0.5266879569999999
9 0.581812338 0.546316971 0.503437216 0.567731682 0.515875238 0.6304432870000001 0.5956668079999999 0.606673988 0.581812338 0.546316971
9 0.503534153 0.569700361 0.420326542 0.590066269 0.429751516 0.653545485 0.5129877669999999 0.632320474 0.503534153 0.569700361
9 0.4201586 0.589820003 0.331161317 0.613944748 0.342532314 0.680349699 0.429751516 0.653545485 0.4201586 0.589820003
9 0.337200953 0.6132557510000001 0.24364912 0.6385433070000001 0.252007737 0.7057149920000001 0.342810919 0.6825604359999999 0.337200953 0.6132557510000001
9 0.240483528 0.6390593139999999 0.156136921 0.663141866 0.161761763 0.733291026 0.25242564300000003 0.7090311 0.240483528 0.6390593139999999
9 0.167366543 0.801836368 0.259409693 0.776844506 0.252007737 0.7057149920000001 0.160109075 0.732571566 0.167366543 0.801836368
9 0.348027324 0.747777196 0.34115823 0.6818409759999999 0.25228634099999997 0.707925731 0.25913108799999995 0.77463377 0.348027324 0.747777196
9 0.435260746 0.7209665310000001 0.429890818 0.654650854 0.342532314 0.680349699 0.352403835 0.746285918 0.435260746 0.7209665310000001
9 0.5252426649999999 0.691171811 0.517110019 0.62784664 0.428377432 0.6550367619999999 0.441415026 0.721306532 0.5252426649999999 0.691171811
9 0.603673038 0.668889092 0.592779338 0.6085511760000001 0.5125698599999999 0.629004368 0.525607455 0.695274137 0.603673038 0.668889092
9 0.6820245220000001 0.64740199 0.6696834380000001 0.5866590639999999 0.5929186399999999 0.609656544 0.606494506 0.6678028229999999 0.6820245220000001 0.64740199
9 0.7468128669999999 0.5650346150000001 0.669544136 0.585553695 0.68353791 0.647016081 0.757136633 0.6236850500000001 0.7468128669999999 0.5650346150000001
9 0.832248742 0.59996811 0.819049302 0.5431897360000001 0.748240228 0.5654864119999999 0.760024103 0.621807862 0.832248742 0.59996811