9 0.5301767241606783 0.6965306272764419 0.1167629615577498 0.10300733246674508
9 0.7160531436404617 0.5858188953296499 0.11057095584353965 0.09190260207717574
9 0.466161799745296 0.7271390238993838 0.11060586597339603 0.09390260207717574
9 0.8427400880555806 0.5156282846811586 0.11955350077861135 0.09105969766152976
9 0.6534073062381177 0.6239011093551994 0.12071059636296536 0.10007715272645783
9 0.6132451493546722 0.5766167670172563 0.10650113558382668 0.087832781817463
9 0.5908836542902711 0.6549833233807489 0.11158841090846772 0.09292005714210382
9 0.35706187117292587 0.59158526363888 0.10650113558382668 0.087832781817463
9 0.48845182000237264 0.3378684703929964 0.09936149506440096 0.07971059636296536
9 0.6240267015611771 0.38848585403029473 0.10343131532411372 0.08378041662267821
9 0.5454667444177551 0.3073822592245521 0.10344877038904202 0.08478041662267821
9 0.5590292322107229 0.41811170571816475 0.10139640519425734 0.08174550649282174
9 0.31669758597708675 0.4413358314307934 0.10141386025918564 0.08274550649282174
9 0.6060863992227068 0.27083495532885904 0.09937895012932926 0.08071059636296536
9 0.4320083703943145 0.6792499511718714 0.10957095584353965 0.09188514701224768
9 0.3912414831212997 0.6379743363663924 0.10446622545397032 0.0857978716876064
9 0.3490692036396709 0.4767598142881622 0.10239640519425734 0.08176296155774992
9 0.6738473490946957 0.5410694631215633 0.11255350077861136 0.09093751220703211
9 0.3375678085739518 0.36249545766469315 0.10251859064875499 0.08876296155775003
9 0.22247686701593825 0.42698533506650993 0.1024836805188985 0.08676296155775003
9 0.48855820493955343 0.6467724675358912 0.10750113558382668 0.08785023688239108
9 0.7805767955883083 0.5547017711742439 0.11969314129803706 0.09905969766152975
9 0.4206204332506288 0.5584855945484023 0.10143131532411394 0.08374550649282174
9 0.7184394262365361 0.3918363503945782 0.11348368051889839 0.0869549672719604
9 0.4801528127309395 0.5269557457176375 0.10448368051889849 0.0867978716876064
9 0.3728259683145026 0.40436707532727734 0.09937895012932915 0.08071059636296536
9 0.430340892729885 0.373872136626369 0.10243131532411394 0.08376296155775004
9 0.2318560766271598 0.5482846018198354 0.09836149506440096 0.07969314129803706
9 0.45483495532885904 0.6028746672759147 0.10650113558382668 0.08783278181746278
9 0.7394146387048627 0.5074348839012292 0.1085011355838269 0.08786769194731937
9 0.5184807927312031 0.564774998185437 0.10546622545397032 0.08581532675253448
9 0.2930368241593603 0.5082285703916783 0.10443131532411383 0.0837978716876064
9 0.41058412805505334 0.44619505532754095 0.10441386025918564 0.0827978716876064
9 0.32624261870512633 0.5531350981841189 0.10241386025918564 0.08276296155775004
9 0.46714269013275633 0.41321757169156076 0.10136149506440097 0.07974550649282174
9 0.3822575431205088 0.5226663420806028 0.10444877038904202 0.0847978716876064
9 0.500479397665484 0.45062409948400134 0.10444877038904202 0.0847978716876064
9 0.5953572122109865 0.45596586831582064 0.106448770389042 0.08483278181746277
9 0.2621666015624952 0.5872434948070607 0.10446622545397032 0.0857978716876064
9 0.5521953148094333 0.6091727984454135 0.11157095584353965 0.09192005714210381
9 0.5837772693530905 0.34620151169235164 0.10139640519425734 0.08174550649282174
9 0.7582761337692637 0.42912942026498535 0.10141386025918564 0.08274550649282174
9 0.6935692036396708 0.47074654442039127 0.10951859064875498 0.08888514701224745
9 0.36544108078414744 0.7129019854571338 0.1024836805188985 0.0867629615577498
9 0.26121757169156073 0.46979586000184537 0.09936149506440096 0.07971059636296536
9 0.5262274348078515 0.37869645039326 0.1064662254539703 0.08583278181746289
9 0.680655083898593 0.3515083703943145 0.10341386025918564 0.08278041662267822
9 0.398065277924406 0.3329481537690001 0.10037895012932915 0.08072805142789355
9 0.6569157742886894 0.4229011093551994 0.1054313153241137 0.0838153267525347
9 0.4439295631202451 0.4831015831199816 0.09937895012932926 0.08071059636296536
9 0.538176464678786 0.49595207948426495 0.10039640519425734 0.08172805142789355
9 0.6380542792242885 0.5012065729914432 0.1064662254539703 0.08583278181746289
9 0.5729695345491932 0.5358324246793132 0.11051859064875498 0.08890260207717575
9 0.2016502820813937 0.5033257088326102 0.09539640519425746 0.08164077610325239
9 0.3010294916926152 0.6230540197423962 0.10041386025918564 0.08272805142789366
9 0.453623840002109 0.29998812519794815 0.1014836805188985 0.08674550649282173
9 0.6423794690931139 0.310689117926515 0.10944877038904201 0.08488514701224745
9 0.3286480109137403 0.673056550391942 0.10955350077861135 0.09088514701224767
9 0.5116736745473478 0.2674844589645757 0.10136149506440097 0.07974550649282174
9 0.16183975714605828 0.464532638962203 0.10237895012932921 0.08076296155775003
9 0.2799306987040719 0.3999903963656016 0.10037895012932926 0.08072805142789355
9 0.4089199594858467 0.7706252350678281 0.11488514701224745 0.10997242233688849
9 0.5688107844172278 0.2299982477961313 0.10753604571368305 0.08985023688239108
9 0.796912108055317 0.47793994520032074 0.11150113558382668 0.08792005714210405