9 0.3691016397170357 0.4019143335543163 0.08523492924747188 0.06689842386781504
9 0.5196952927983954 0.4241524489780785 0.08316508770848827 0.06482858232883154
9 0.40195403358824355 0.49894449625432286 0.08826985001696358 0.06800318617629023
9 0.6063476781916232 0.4601381747696229 0.08413016693899658 0.06386350309832324
9 0.5674603635509236 0.3618984874526659 0.08313016693899658 0.06382858232883154
9 0.5851714812560193 0.41145721976453387 0.08630477078645526 0.06893334463730684
9 0.6160651682492994 0.6812080163086064 0.09454921617289756 0.07621271079324084
9 0.4534286289577221 0.44281275742213144 0.08633969155594719 0.06993334463730684
9 0.44348103130691 0.6012714854950093 0.09037461232543888 0.07107302771527384
9 0.757923870888237 0.4819112109628768 0.09030477078645527 0.06907302771527384
9 0.757517545164547 0.6561842259611804 0.09554921617289756 0.07624763156273252
9 0.47673501402727286 0.7098016481950158 0.09151429540340587 0.07510794848476553
9 0.30619529279839547 0.41669686469159034 0.08320000847798019 0.06582858232883154
9 0.6550778281746595 0.39691913401370205 0.08523492924747188 0.06689842386781504
9 0.5572746716712995 0.527839755140798 0.08520000847798019 0.06589842386781493
9 0.4878334039831675 0.5413953012763756 0.08737461232543887 0.07096826540679854
9 0.48546512162040883 0.33056990512383433 0.08423492924747188 0.06686350309832335
9 0.5936096051577615 0.6244921405340256 0.09033969155594718 0.07007302771527384
9 0.6895238963221773 0.6682921532509958 0.09247937463391417 0.07414286925425723
9 0.4113635878781243 0.7254968774085605 0.08840953309493056 0.07200318617629045
9 0.5030190958627916 0.3756286374357023 0.08526985001696358 0.06789842386781504
9 0.6142428946881976 0.3001096051577615 0.08520000847798019 0.06589842386781504
9 0.6344714727780392 0.3502556393933588 0.08726985001696358 0.06796826540679854
9 0.3715223032340322 0.6142397297068576 0.08530477078645526 0.06889842386781515
9 0.550888928923795 0.3163746759102896 0.08730477078645527 0.06896826540679854
9 0.43507782817465956 0.38923656472551754 0.08416508770848827 0.06486350309832335
9 0.2255254470204219 0.3804206635169964 0.08420000847798008 0.06586350309832335
9 0.3885302474798076 0.6722635412492338 0.08944445386442226 0.07303810694578215
9 0.7144841750932999 0.3820143801832069 0.08630477078645526 0.06893334463730684
9 0.528238179008613 0.6401873697475702 0.09144445386442225 0.07310794848476553
9 0.5034572197645338 0.5883841920492601 0.08726985001696358 0.06796826540679854
9 0.32344133127298286 0.4672381366187125 0.08626985001696358 0.06793334463730684
9 0.5510715194069298 0.693420705906897 0.09040953309493056 0.07207302771527384
9 0.4723953012763756 0.48542387088823696 0.0840952461695049 0.06286350309832335
9 0.7290270613035172 0.5982588255696492 0.08930477078645527 0.06903810694578215
9 0.461779450935735 0.6533476781916231 0.08633969155594708 0.06993334463730684
9 0.39033021780687727 0.4520952885594054 0.08516508770848827 0.06489842386781504
9 0.42432229475605204 0.5531603720289038 0.08523492924747188 0.06689842386781493
9 0.6418572155255438 0.5617556393933588 0.08723492924747188 0.06696826540679854
9 0.29088737822555033 0.5789635285322636 0.08213016693899658 0.06379366155933985
9 0.6693762478034846 0.4488556436323489 0.08826985001696358 0.06800318617629023
9 0.7059381662916429 0.5520080290255766 0.09537461232543888 0.07124763156273252
9 0.6645508728458935 0.6109889755526856 0.09551429540340586 0.07524763156273274
9 0.6245587958967187 0.5097143674662367 0.08630477078645526 0.06893334463730684
9 0.738247673952633 0.4332826371120253 0.08620000847798019 0.06593334463730685
9 0.3389953055153656 0.512227027391597 0.08423492924747188 0.06686350309832323
9 0.8273715109289497 0.6401461402103487 0.09340953309493057 0.07217779002374913
9 0.35641594783741176 0.5677682993187191 0.08830477078645538 0.06900318617629045
9 0.3254842174832004 0.6830460723865078 0.08433969155594719 0.06986350309832323
9 0.2613778408916297 0.4775555885254782 0.08009524616950489 0.06272382002035636
9 0.2675540378272336 0.5257127319881911 0.08223492924747189 0.06679366155933986
9 0.5408889501187453 0.47333340398316753 0.08726985001696358 0.06796826540679854
9 0.6998428989271877 0.3345604101798142 0.08323492924747188 0.06682858232883154
9 0.6869476824306132 0.49441437594421683 0.08523492924747188 0.06689842386781504
9 0.5739159478374117 0.5753635666831741 0.08833969155594719 0.07000318617629023
9 0.24373656472551755 0.4299968562136103 0.08023492924747189 0.06672382002035625
9 0.29100163547804575 0.3677254343034517 0.08840953309493056 0.07200318617629023
9 0.42147147277803915 0.3428175154916166 0.09037461232543888 0.07107302771527384
9 0.35551274470516125 0.35599528432041533 0.08109524616950489 0.06275874078984804
9 0.3404223201899923 0.7390000423899005 0.08447937463391418 0.07386350309832324
9 0.7802921320560454 0.5361270867374576 0.0892000084779802 0.06603810694578215
9 0.682631781222092 0.2850191382526921 0.08944445386442249 0.07303810694578215
9 0.3090286543916625 0.6265397212288774 0.08530477078645538 0.06889842386781493
9 0.8005556309153787 0.5872731209730551 0.08530477078645526 0.06889842386781493