9 0.20517653507678166 0.547175201621813 0.11556432949166265 0.09766905042825988
9 0.6365016668187109 0.4336885041001457 0.10751196902336414 0.08862250778977226
9 0.4744444886118277 0.6807372889260545 0.12361668995996127 0.1067155930667475
9 0.5320071512847796 0.3480834497998063 0.09846542638487654 0.08057014732147354
9 0.22450524246110057 0.6037857403882212 0.10854105817241884 0.09362832561958316
9 0.40601430256955917 0.692338767584004 0.11557014732147354 0.09866905042825988
9 0.28012417460848305 0.5386115388576346 0.10952942251279695 0.09163414344939406
9 0.5963449187775571 0.492452881992802 0.10650615119355303 0.08761668995996126
9 0.5368972792458557 0.5011067211190501 0.10148869770412033 0.08458760081090645
9 0.5750685718615368 0.44483070756677195 0.09947706204449833 0.08257596515128456
9 0.41010023656175487 0.3633736745628698 0.10047124421468744 0.08158178298109556
9 0.25132231418579765 0.6584399128782115 0.11257596515128455 0.09965159693882697
9 0.30199003115908885 0.42974244002838113 0.11052360468298593 0.09063996127920507
9 0.5577027153109309 0.5537259866301747 0.11052942251279706 0.09163996127920518
9 0.515112205585119 0.4519816377781146 0.10350033336374213 0.08659923647052847
9 0.4526070544827923 0.622612205585119 0.10854105817241884 0.09362832561958316
9 0.3415718141401844 0.5299693353910083 0.11154105817241884 0.09364577910901607
9 0.3486700505194864 0.375015878029496 0.10550615119355303 0.08761087213015026
9 0.5924722443059138 0.3424354285033691 0.10649451553393101 0.08561668995996126
9 0.38518850410014566 0.6362195020728796 0.11356432949166265 0.09765741476863786
9 0.4125194536718858 0.5213824013075862 0.10450033336374213 0.08660505430033937
9 0.5180546940144938 0.6139932734377366 0.11254687600222973 0.09465159693882697
9 0.2979499730778965 0.5947133508793263 0.11155269383204075 0.09564577910901607
9 0.42788531022249165 0.4124754865845615 0.10550033336374214 0.08661087213015026
9 0.28120204858344666 0.3801231745172565 0.10250033336374213 0.08659341864071746
9 0.7053801591201649 0.5850841165272906 0.10450033336374236 0.08660505430033937
9 0.6702554091429718 0.6493775835690017 0.11154687600222997 0.09464577910901607
9 0.47455660283817275 0.35624892458567636 0.10248287987430933 0.08359341864071734
9 0.6444354285033692 0.5942292289088222 0.11053524034260773 0.09263996127920518
9 0.32376346916020377 0.4768675233693167 0.10851778685317504 0.08962832561958317
9 0.5809761533120459 0.6008597967158267 0.10551196902336414 0.08861087213015026
9 0.3613452521412993 0.577082783072322 0.10752360468298593 0.09062250778977204
9 0.12449842454006316 0.34421268415184203 0.1235585116618517 0.09671559306674749
9 0.3664202172013574 0.41811769005118776 0.10348869770412034 0.08459923647052847
9 0.2661684750595495 0.7180242714104703 0.11560505430033936 0.10466905042825989
9 0.49032422300947665 0.4023391009477462 0.09947124421468743 0.08157596515128455
9 0.4694700021184927 0.5132140176068106 0.10951196902336403 0.08863414344939406
9 0.25633328311793524 0.48847481985707714 0.11154105817241884 0.09364577910901607
9 0.31373795565353885 0.6443035272413961 0.11355851166185175 0.09665741476863786
9 0.23404530054229297 0.4388468276012362 0.10751196902336403 0.08862250778977226
9 0.2197427733921233 0.3867653779838828 0.10751778685317503 0.08962250778977227
9 0.1487805892858945 0.392852312067305 0.10450033336374213 0.08660505430033937
9 0.19696351756119743 0.3386344768131363 0.10550033336374214 0.08661087213015026
9 0.4511558393087011 0.45910929667021344 0.10348869770412022 0.08459923647052847
9 0.16309475209568608 0.4469337616846583 0.11455269383204074 0.09566323259844899
9 0.7336943219299566 0.6392470157619973 0.12458760081090668 0.1017214108965586
9 0.6592925583092586 0.48381940527089223 0.10247706204449833 0.08259341864071745
9 0.5393630389944744 0.6671154478637665 0.11154105817241884 0.09364577910901607
9 0.18487400792661193 0.4950588450255939 0.10852942251279694 0.09162832561958316
9 0.38821983543662164 0.4697427733921232 0.10851778685317504 0.08962832561958317
9 0.33809284327200706 0.7054431551568591 0.12060505430033937 0.10469813957731458
9 0.42879580058790623 0.5689754865845615 0.11154105817241884 0.09364577910901607
9 0.49825798469413496 0.5628798257564228 0.10651196902336414 0.08861668995996115
9 0.6810863587147119 0.5344444886118278 0.11252942251279682 0.09165159693882698
9 0.5507864071157054 0.396191079651309 0.10449451553393123 0.08560505430033936
9 0.5686755349855551 0.29129870950281167 0.10149451553393124 0.08558760081090645
9 0.2648907946885605 0.32653008924028126 0.10754105817241884 0.09362250778977227
9 0.6058164963559867 0.6595023335461951 0.12260505430033936 0.1047097752369366
9 0.609739864477218 0.3885343316101554 0.09746542638487654 0.08056432949166265
9 0.6211619905022542 0.5470954188231704 0.10450033336374236 0.08660505430033937
9 0.4497802559221523 0.30860638775530796 0.09947706204449833 0.08257596515128456
9 0.3248762501140331 0.3243791590289386 0.10248287987430933 0.08359341864071734
9 0.38830934507120707 0.31324859122193427 0.10250033336374213 0.08659341864071746
9 0.5082249865389482 0.2994467307992489 0.10850615119355314 0.08762832561958317