9 0.7378164884786934 0.44141277611765806 0.09891924822405782 0.08413596236973808
9 0.6963168387778641 0.39621164938777037 0.09588434006365038 0.08097873903188894
9 0.5447986840993192 0.47582427860567267 0.10294252033099588 0.08634559348687014
9 0.6333154375811814 0.5650147748515049 0.10295415638446502 0.08734559348687025
9 0.5644568217186637 0.3342676186327674 0.10093088427752674 0.08524077792830417
9 0.7320019647358574 0.5111507372212428 0.10095415638446502 0.08724077792830405
9 0.18198486095482452 0.4408002547259287 0.11603560875874853 0.09502689461754972
9 0.6152535410821254 0.311414211486561 0.09789597611711952 0.08208355459045504
9 0.6205351214004116 0.7174382892793914 0.10502397270527945 0.09345040904543635
9 0.5882866977466794 0.5221302208941265 0.10194252033099588 0.08629318570758733
9 0.22991469433483933 0.49234203202115623 0.11804724481221762 0.0961317101761158
9 0.58245471992364 0.5933681819977112 0.10295415638446502 0.08734559348687025
9 0.5745703798599894 0.66900132754273 0.1070356087587486 0.09455522460400244
9 0.4737216485550875 0.6507081418351428 0.1080356087587486 0.09460763238328536
9 0.8243565140674939 0.5284984568049242 0.09591924822405781 0.08397873903188884
9 0.49295542052198116 0.502625277972596 0.10094252033099588 0.08624077792830417
9 0.6729423832718295 0.6851634938021095 0.1029774284914031 0.08934559348687025
9 0.627419461464062 0.6417527359550896 0.10398906454487224 0.09039800126615319
9 0.553101571788686 0.4072173369502955 0.10091924822405782 0.08424077792830417
9 0.5196514819351025 0.7021451035718042 0.11005888086568666 0.09671244794185167
9 0.5374783423297487 0.5459836280403328 0.10193088427752672 0.08529318570758733
9 0.44796158884788634 0.45674072401521765 0.10191924822405769 0.08429318570758709
9 0.40348521125399517 0.4093823739474808 0.10396579243793405 0.08839800126615319
9 0.658288098943362 0.3536939498853733 0.09688434006365038 0.08103114681117199
9 0.6788034512285417 0.6114255326985247 0.10396579243793394 0.08839800126615319
9 0.2417990343984898 0.41691851759326964 0.11301233665181036 0.09286967127970058
9 0.28979868409931914 0.46246029488849716 0.11202397270527945 0.09381726350041754
9 0.5732422553278269 0.26718688086703174 0.09589597611711952 0.08197873903188894
9 0.718779828822433 0.6585480477594878 0.10094252033099588 0.08624077792830394
9 0.6494561211203225 0.42477468765110893 0.10093088427752674 0.08524077792830417
9 0.2763794358752615 0.5408051976474592 0.1120356087587486 0.09481726350041754
9 0.5013164884786935 0.42901833631721886 0.10193088427752685 0.0852931857075871
9 0.7808219562062573 0.4861925145164704 0.09791924822405781 0.08408355459045493
9 0.38173398520689794 0.55883421836182 0.1100356087587486 0.09471244794185145
9 0.48361762467220704 0.5741798118486902 0.10698906454487224 0.09055522460400244
9 0.5290649121324256 0.6240905696957101 0.10600070059834116 0.09150281682471928
9 0.3021597520560314 0.3890629843502521 0.11198906454487223 0.09081726350041754
9 0.39462996132401745 0.48246311171321643 0.10798906454487224 0.09060763238328537
9 0.868373617848527 0.5723306029830196 0.09591924822405781 0.08397873903188884
9 0.4391237929981122 0.5283214617809533 0.10697742849140308 0.08955522460400243
9 0.6401415973774865 0.4943292215272031 0.10393088427752672 0.08539800126615318
9 0.5656162234755245 0.7505820653084656 0.1060356087587486 0.09450281682471927
9 0.4133055530235656 0.3393540439610282 0.10494252033099588 0.08645040904543634
9 0.45727611259072226 0.3871861901391235 0.10495415638446491 0.08745040904543634
9 0.3352576076130067 0.5113710527355171 0.1100123366518103 0.09271244794185145
9 0.5102089616041066 0.7826996374478984 0.1090356087587486 0.09466004016256829
9 0.41578529654999685 0.685194694526368 0.1130705169191558 0.09786967127970046
9 0.6884674068746209 0.46884479493278913 0.09994252033099588 0.08618837014902102
9 0.7256583508593488 0.5833624944351862 0.09995415638446502 0.087188370149021
9 0.5971535837301263 0.44804948312839077 0.10091924822405782 0.08424077792830417
9 0.34761285754298443 0.43847374219727203 0.11100070059834127 0.0917648557211346
9 0.8200303542711889 0.5993150295774335 0.09994252033099588 0.08618837014902102
9 0.42721618082752366 0.6057449762088399 0.1100123366518103 0.09271244794185168
9 0.7696638185869128 0.6281946406132816 0.09691924822405781 0.08403114681117177
9 0.6836296110248468 0.5406351638156569 0.10093088427752674 0.08524077792830417
9 0.607456471419493 0.3795473570315797 0.09991924822405782 0.08418837014902102
9 0.46611972646723093 0.31510545237338783 0.10293088427752685 0.08534559348687026
9 0.5111135581413258 0.36099000633076617 0.10193088427752672 0.0852931857075871
9 0.7760016144366868 0.5564828833993383 0.09895415638446502 0.08713596236973808
9 0.3238441774156836 0.589320771053045 0.11504724481221763 0.09597448683826679
9 0.5204222638574271 0.2919354724546721 0.10093088427752674 0.08524077792830417
9 0.3574622894462276 0.36594541221081944 0.10395415638446502 0.08739800126615319
9 0.4662791282240917 0.731367491269803 0.11505888086568666 0.09697448683826679
9 0.3703612811967166 0.633283936679348 0.11304724481221763 0.09586967127970047