9 0.7257466074101144 0.6265061214462687 0.11587385220325495 0.09233530157947689
9 0.4965358951901278 0.32463802968908917 0.10545429133159383 0.0855775468904335
9 0.6493503328978345 0.2598149113524787 0.10324451089576314 0.08242599595262481
9 0.347581603858534 0.39176424990131703 0.10424451089576336 0.08250177142152916
9 0.4851385236814526 0.7032746617226542 0.11401370582714185 0.09418375064166822
9 0.6555370599203229 0.6960807159674869 0.11494377901519828 0.09325952611057255
9 0.38028499727287157 0.5782120337364643 0.1129437790151984 0.09310797517276387
9 0.510015103503376 0.383464100394915 0.10331443770770671 0.08342599595262482
9 0.3113448776604977 0.7087033933366564 0.1089437790151984 0.09280487329714651
9 0.33446254192139885 0.33497606692994336 0.10952421814353738 0.08688064876605085
9 0.2478889557066308 0.27915627472855314 0.1057339985793679 0.0895775468904335
9 0.4744285102995831 0.633600141954637 0.11601370582714185 0.0943353015794769
9 0.5651280113650572 0.702298811500549 0.12129341307491587 0.09871417892399859
9 0.7091170331565837 0.5624148365992777 0.12001370582714185 0.09463840345509425
9 0.6371522295085945 0.6283378801826872 0.11394377901519828 0.09318375064166821
9 0.39886932875007397 0.7077958591313336 0.11636333988685942 0.09933530157947688
9 0.6793928480554944 0.43399748104646074 0.1126640717674245 0.08910797517276388
9 0.742596474415871 0.6946352940277118 0.12636333988685966 0.10009305626852029
9 0.5302637396940417 0.5036237012586886 0.10231443770770693 0.0833502204837206
9 0.5752351633095629 0.32054851626362735 0.10438436451965026 0.08450177142152916
9 0.25900801764376596 0.33579290676211826 0.09924451089576325 0.08212289407700746
9 0.41897648069457966 0.3268033185834554 0.10017458408381981 0.0811986695459118
9 0.614288190783618 0.5024509529122005 0.11266407176742428 0.08910797517276388
9 0.38901946174431745 0.6401971148322206 0.10666407176742439 0.08865332235933783
9 0.6000537263121721 0.44004910673747044 0.10331443770770693 0.08342599595262482
9 0.7358434799842636 0.30959681581941667 0.09710465727187625 0.07997134313919889
9 0.22526101207537325 0.7177624784797879 0.11050319351074649 0.10088064876605085
9 0.27436154405234703 0.45407363028137016 0.10324451089576325 0.08242599595262481
9 0.40992734556938804 0.26931823748769906 0.10559414495548083 0.0875775468904335
9 0.4846266136888231 0.26492562218661986 0.10324451089576336 0.08242599595262481
9 0.6690185299601614 0.3738987367473479 0.10638436451965026 0.08465332235933784
9 0.28581630127601887 0.5202860377838394 0.1128039253913114 0.09110797517276387
9 0.36772534983128446 0.5134238507650907 0.10331443770770682 0.08342599595262482
9 0.6959175320911097 0.4995887658934518 0.10852421814353738 0.08680487329714663
9 0.3021104131890518 0.6466804245064478 0.10901370582714184 0.09380487329714651
9 0.3297980042618964 0.27229408770980434 0.10224451089576325 0.08235022048372048
9 0.4369803730434431 0.4503113685094203 0.10017458408381981 0.0811986695459118
9 0.20214148424616007 0.5164587861303276 0.10231443770770682 0.08335022048372048
9 0.519574750944963 0.4480249569595758 0.10852421814353738 0.08680487329714652
9 0.5515928150130465 0.6298969653258186 0.11173399857936783 0.09003219970385953
9 0.21498107188156018 0.6491258464462228 0.10466407176742439 0.08850177142152915
9 0.3523510317359516 0.4529462291214561 0.10859414495548082 0.08780487329714651
9 0.4248158353839408 0.3870610732724987 0.10552421814353738 0.0865775468904335
9 0.4471343983865501 0.5063722250740809 0.10959414495548082 0.08788064876605085
9 0.19562731252694016 0.458663143706832 0.10159414495548083 0.08727444501481614
9 0.8312258157233625 0.6923035352912934 0.11894377901519829 0.0935626279861899
9 0.6257429480072899 0.56866336041467 0.10959414495548071 0.08788064876605085
9 0.5666510647783994 0.2636013229023232 0.10552421814353738 0.0865775468904335
9 0.5886794082168393 0.37987458696945325 0.10345429133159383 0.08542599595262482
9 0.17877378611835912 0.3402687569842236 0.09745429133159382 0.08497134313919878
9 0.46015908242216547 0.5716982957799068 0.10459414495548083 0.08750177142152915
9 0.5371136066997984 0.5709951191510885 0.1126640717674245 0.08910797517276388
9 0.29583047299523874 0.5783468943485002 0.10245429133159382 0.08535022048372047
9 0.18882292124355077 0.39782961354888424 0.09717458408381975 0.08097134313919878
9 0.8103060219056624 0.6248712608342328 0.11308363263908541 0.09510797517276387
9 0.6576791752708002 0.31322421697933067 0.1094542913315936 0.08588064876605085
9 0.7960260817118494 0.5559315269250505 0.1126640717674245 0.08910797517276388
9 0.20820113168774715 0.580754428553823 0.10787385220325484 0.09172909782824218
9 0.17111976077525218 0.2843973390918237 0.11124451089576326 0.08303219970385953
9 0.26626693320478817 0.3901264369200659 0.0998948768360458 0.0771986695459118
9 0.7641270795809012 0.4298626204344249 0.10524451089576314 0.08257754689043349
9 0.7720119099926294 0.49680981379572914 0.10459414495548071 0.08750177142152915
9 0.7507177980795965 0.37003654972859906 0.10438436451965026 0.08450177142152916
9 0.7238293082650437 0.2513844083169473 0.10352421814353738 0.08642599595262482