9 0.4885 0.68 0.0935 0.074
9 0.7715 0.605 0.099 0.0745
9 0.5575 0.665 0.099 0.0805
9 0.3905 0.6475 0.092 0.0725
9 0.5325 0.607 0.0905 0.072
9 0.567 0.369 0.09 0.0655
9 0.59 0.421 0.0935 0.0685
9 0.365 0.592 0.0955 0.072
9 0.671 0.569 0.095 0.0705
9 0.7565 0.429 0.0925 0.068
9 0.6445 0.5215 0.0975 0.07
9 0.6145 0.466 0.0895 0.0665
9 0.4835 0.502 0.088 0.0665
9 0.46 0.626 0.0915 0.0755
9 0.4355 0.403 0.0875 0.0655
9 0.598 0.587 0.098 0.074
9 0.7275 0.3795 0.0945 0.07
9 0.6065 0.3025 0.09 0.0655
9 0.324 0.489 0.093 0.069
9 0.4575 0.454 0.0925 0.069
9 0.6375 0.3475 0.0955 0.0685
9 0.6845 0.447 0.099 0.069
9 0.811 0.533 0.0925 0.0715
9 0.319 0.668 0.096 0.0755
9 0.345 0.541 0.0895 0.0675
9 0.2825 0.39 0.089 0.0665
9 0.3895 0.47 0.088 0.0655
9 0.662 0.4 0.0945 0.0665
9 0.509 0.556 0.096 0.0715
9 0.303 0.4425 0.087 0.0645
9 0.368 0.4245 0.0915 0.068
9 0.7095 0.5015 0.0965 0.069
9 0.848 0.5865 0.117 0.081
9 0.744 0.5505 0.102 0.0745
9 0.701 0.625 0.1025 0.0785
9 0.439 0.5715 0.093 0.0705
9 0.414 0.3565 0.0905 0.0665
9 0.417 0.524 0.095 0.0705
9 0.55 0.486 0.0925 0.0675
9 0.476 0.3385 0.0875 0.0635
9 0.626 0.6445 0.0975 0.0755
9 0.342 0.721 0.092 0.076
9 0.505 0.384 0.091 0.0655
9 0.345 0.3755 0.0865 0.063
9 0.783 0.48 0.1 0.0725
9 0.2995 0.608 0.089 0.0685
9 0.527 0.4365 0.0865 0.065
9 0.7035 0.3315 0.0895 0.0645
9 0.544 0.323 0.0905 0.0665
9 0.186 0.361 0.1045 0.0685
9 0.2785 0.561 0.0975 0.0715
9 0.6765 0.2825 0.091 0.067
9 0.252 0.5125 0.0885 0.0675
9 0.231 0.458 0.087 0.069
9 0.573 0.5375 0.093 0.068
9 0.3235 0.324 0.087 0.069
9 0.212 0.4135 0.078 0.064
9 0.4545 0.2895 0.0905 0.0685
9 0.258 0.342 0.088 0.0645
9 0.389 0.311 0.084 0.0645
9 0.5185 0.2725 0.0895 0.0665
9 0.6515 0.2325 0.0895 0.068
9 0.419 0.6985 0.096 0.0765
9 0.588 0.251 0.088 0.067