9 0.774 0.4343497870680444 0.119 0.10601728079961595
9 0.457 0.25487061071071876 0.108 0.0981837506416682
9 0.578 0.13170177897329416 0.105 0.09495642423495519
9 0.3405 0.3776984528380738 0.106 0.09503219970385954
9 0.5755 0.604391217645555 0.117 0.10786572986180727
9 0.732 0.5265323567620266 0.117 0.10686572986180727
9 0.4345 0.5340755587610663 0.116 0.10678995439290292
9 0.4895 0.3024079079713279 0.105 0.09495642423495519
9 0.4145 0.682091068139153 0.112 0.10548685251728557
9 0.3085 0.3316232678430125 0.112 0.09948685251728558
9 0.209 0.3171629269989939 0.109 0.10225952611057255
9 0.5415 0.5454675835883024 0.119 0.10801728079961595
9 0.6495 0.5702838329466342 0.125 0.11347193361304199
9 0.737 0.3826534794175048 0.122 0.10824460720632896
9 0.692 0.4725633755181999 0.117 0.10686572986180727
9 0.4965 0.6443774796889975 0.119 0.11301728079961594
9 0.665 0.278109313178617 0.116 0.10278995439290292
9 0.813 0.48889454378077535 0.129 0.11477503548865922
9 0.549 0.4033992675715199 0.105 0.09595642423495519
9 0.529 0.21791477694960662 0.107 0.09710797517276387
9 0.238 0.3639654384007682 0.102 0.09372909782824218
9 0.3845 0.28886433220628305 0.103 0.09280487329714651
9 0.6275 0.36745089326252955 0.116 0.10278995439290292
9 0.4635 0.5868780701628405 0.109 0.10025952611057255
9 0.593 0.31656514693972915 0.105 0.09495642423495519
9 0.6755 0.14131367075512147 0.1 0.09157754689043356
9 0.3375 0.7264257792447868 0.114 0.11363840345509425
9 0.293 0.4657977876110298 0.105 0.09395642423495519
9 0.357 0.24044815760115226 0.109 0.10025952611057255
9 0.425 0.20529542571565748 0.105 0.09495642423495519
9 0.635 0.22738257724574704 0.109 0.09725952611057255
9 0.326 0.5207971971371866 0.116 0.10478995439290292
9 0.4005 0.48065192470381374 0.105 0.09495642423495519
9 0.703 0.3312298453602523 0.111 0.09941107704838123
9 0.385 0.6293264444718308 0.112 0.10648685251728557
9 0.283 0.2765555423000731 0.105 0.09395642423495519
9 0.4435 0.39389357954092724 0.103 0.09280487329714651
9 0.247 0.5522834591806292 0.105 0.09595642423495519
9 0.5205 0.35755886843529344 0.111 0.09941107704838123
9 0.612 0.5101254130305467 0.115 0.10271417892399859
9 0.304 0.6679642574530821 0.107 0.10110797517276388
9 0.3655 0.43180406611546546 0.112 0.10048685251728556
9 0.411 0.34135628228031817 0.108 0.0991837506416682
9 0.4725 0.4406960909427015 0.112 0.10048685251728556
9 0.221 0.5022536213721419 0.105 0.0989564242349552
9 0.8955 0.44964306759616773 0.122 0.10824460720632896
9 0.661 0.4229124150542343 0.113 0.10056262798618991
9 0.5015 0.16999860234447584 0.108 0.0991837506416682
9 0.5615 0.2664520742102157 0.106 0.09703219970385954
9 0.165 0.40199704763078464 0.1 0.09657754689043349
9 0.507 0.49508183726550203 0.107 0.09910797517276387
9 0.579 0.4621260035043898 0.116 0.10278995439290292
9 0.3555 0.5695618208045088 0.105 0.0969564242349552
9 0.194 0.4497995590325589 0.1 0.0925775468904335
9 0.853 0.3973635250246019 0.117 0.10886572986180727
9 0.6035 0.1772695045162336 0.112 0.09848685251728558
9 0.8155 0.34070510510851454 0.116 0.10278995439290292
9 0.2745 0.6081996337857599 0.111 0.10441107704838123
9 0.1385 0.3535050975567495 0.113 0.0965626279861899
9 0.264 0.4104952762092555 0.102 0.08872909782824218
9 0.7425 0.238736714338531 0.107 0.09510797517276387
9 0.7735 0.2963876748024966 0.107 0.10010797517276387
9 0.71 0.1901994170779219 0.107 0.09710797517276387
9 0.644 0.09270059802560802 0.106 0.09803219970385953