9 0.7275 0.5 0.092 0.0685
9 0.7785 0.5465 0.1105 0.078
9 0.611 0.3825 0.091 0.0655
9 0.2965 0.6695 0.0935 0.075
9 0.538 0.3055 0.09 0.063
9 0.389 0.68 0.098 0.0765
9 0.3145 0.593 0.0965 0.072
9 0.543 0.477 0.0895 0.066
9 0.328 0.714 0.104 0.081
9 0.596 0.448 0.093 0.069
9 0.7155 0.5725 0.0965 0.073
9 0.3555 0.4505 0.089 0.0655
9 0.1025 0.454 0.1145 0.0725
9 0.3935 0.492 0.095 0.069
9 0.4885 0.6975 0.1 0.0785
9 0.6325 0.4885 0.0905 0.067
9 0.3705 0.765 0.099 0.084
9 0.2065 0.4655 0.0955 0.069
9 0.5715 0.3445 0.0865 0.0615
9 0.605 0.6315 0.097 0.076
9 0.506 0.6175 0.094 0.073
9 0.4665 0.5725 0.097 0.0735
9 0.1845 0.54 0.099 0.0715
9 0.431 0.5345 0.0915 0.0675
9 0.411 0.425 0.0935 0.067
9 0.465 0.397 0.0875 0.064
9 0.5185 0.3735 0.0915 0.066
9 0.41 0.605 0.0945 0.073
9 0.488 0.5035 0.096 0.068
9 0.6495 0.423 0.0895 0.0645
9 0.2645 0.439 0.092 0.0655
9 0.3225 0.415 0.0915 0.066
9 0.565 0.587 0.0965 0.0735
9 0.172 0.426 0.091 0.0675
9 0.577 0.515 0.0945 0.07
9 0.6875 0.4585 0.098 0.07
9 0.448 0.462 0.09 0.0655
9 0.3365 0.519 0.092 0.0675
9 0.675 0.531 0.0995 0.0705
9 0.4845 0.335 0.0865 0.0615
9 0.4315 0.7295 0.108 0.0845
9 0.557 0.409 0.0895 0.0625
9 0.351 0.6395 0.1 0.0745
9 0.2995 0.481 0.0975 0.0685
9 0.6175 0.5585 0.093 0.0685
9 0.6635 0.604 0.106 0.0805
9 0.239 0.5075 0.094 0.0685
9 0.3765 0.3855 0.088 0.0635
9 0.503 0.4375 0.093 0.0665
9 0.525 0.5465 0.093 0.069
9 0.2805 0.5495 0.0985 0.072
9 0.2175 0.5775 0.094 0.0715
9 0.229 0.4015 0.094 0.0705
9 0.4505 0.6495 0.101 0.0765
9 0.2505 0.626 0.102 0.0765
9 0.3755 0.561 0.0985 0.074
9 0.551 0.665 0.1055 0.082
9 0.4325 0.359 0.09 0.0655
9 0.3425 0.3445 0.088 0.0705
9 0.1475 0.496 0.093 0.068
9 0.499 0.27 0.0865 0.0655
9 0.2845 0.3735 0.0895 0.065
9 0.394 0.322 0.0865 0.0645
9 0.4455 0.2955 0.0925 0.0635