8 0.870277565 0.22722900999999998 0.102153664 0.181618559 0.073326188 0.824006628 0.914387651 0.775694685 0.870277565 0.22722900999999998
10 0.16907931099999998 0.757450504 0.839856817 0.725523189 0.807915031 0.269418678 0.187422924 0.236408435 0.16907931099999998 0.757450504
9 0.19037383500000002 0.2363511 0.18428968499999998 0.29336416400000004 0.269572575 0.300302607 0.272509856 0.242052407 0.19037383500000002 0.2363511
9 0.269467781 0.30134599300000003 0.357687952 0.304766777 0.35932867399999996 0.245536173 0.270988819 0.240912146 0.269467781 0.30134599300000003
9 0.357687952 0.30248625399999995 0.44286604799999996 0.30932782200000003 0.439957035 0.25124101 0.35920898999999995 0.24661345199999998 0.357687952 0.30248625399999995
9 0.43982397300000003 0.368621409 0.521959994 0.370901931 0.51891792 0.312748606 0.441478325 0.30943034599999997 0.43982397300000003 0.368621409
9 0.441345011 0.30932782200000003 0.51891792 0.313888867 0.519064105 0.25580488 0.44286604799999996 0.25231475800000003 0.441345011 0.30932782200000003
9 0.51891792 0.30932782200000003 0.593448753 0.315029129 0.592086017 0.259227782 0.517396882 0.255735542 0.51891792 0.30932782200000003
9 0.598011866 0.313888867 0.66645855 0.319590174 0.671193087 0.263791652 0.591927716 0.259156326 0.598011866 0.313888867
9 0.7455524960000001 0.373182454 0.671021662 0.372042192 0.674063737 0.43247604 0.7457362890000001 0.431513854 0.7455524960000001 0.373182454
9 0.671021662 0.376603237 0.747073534 0.377743499 0.744031459 0.318449912 0.672714377 0.319699052 0.671021662 0.376603237
9 0.6725426999999999 0.318449912 0.736426272 0.318449912 0.7381298399999999 0.268355521 0.671021662 0.26371737100000003 0.6725426999999999 0.318449912
9 0.744031459 0.321870696 0.8124781430000001 0.323010958 0.809436068 0.269418678 0.737947309 0.264857632 0.744031459 0.321870696
9 0.753157683 0.487208581 0.757720796 0.545361907 0.829209555 0.547642429 0.82332207 0.48513932 0.753157683 0.487208581
9 0.8185622929999999 0.43475656300000004 0.750115609 0.43247604 0.7533427380000001 0.486280288 0.824646443 0.487208581 0.8185622929999999 0.43475656300000004
9 0.813999181 0.377743499 0.7455524960000001 0.377743499 0.750115609 0.43247604 0.8187582 0.43265482200000005 0.813999181 0.377743499
9 0.744031459 0.321870696 0.744031459 0.37432271500000003 0.81723691 0.377888388 0.8124781430000001 0.323010958 0.744031459 0.321870696
9 0.671021662 0.372042192 0.598011866 0.373182454 0.598011866 0.430195518 0.675756957 0.431513854 0.671021662 0.372042192
9 0.593448753 0.372042192 0.671021662 0.373182454 0.669500625 0.318449912 0.5981711759999999 0.31627615 0.593448753 0.372042192
9 0.5995329030000001 0.36976167 0.51891792 0.372042192 0.521959994 0.42791499499999996 0.5981711759999999 0.42923192 0.5995329030000001 0.36976167
9 0.520438957 0.36976167 0.5995329030000001 0.375462976 0.598011866 0.313888867 0.523627975 0.31285324800000003 0.520438957 0.36976167
9 0.354645877 0.36292010199999997 0.43982397300000003 0.367481147 0.441345011 0.30932782200000003 0.360849964 0.304866476 0.354645877 0.36292010199999997
9 0.269467781 0.361779841 0.357687952 0.365200625 0.360730027 0.305907038 0.269572575 0.300302607 0.269467781 0.361779841
9 0.18733176 0.358359057 0.269467781 0.36292010199999997 0.270988819 0.30134599300000003 0.185901635 0.296879705 0.18733176 0.358359057
9 0.267946744 0.364060363 0.18428968499999998 0.36063958 0.179816475 0.422386115 0.263383632 0.424494211 0.267946744 0.364060363
9 0.35616691500000003 0.365200625 0.267946744 0.361779841 0.267946744 0.42335395 0.357807384 0.42580901699999996 0.35616691500000003 0.365200625
9 0.441345011 0.365200625 0.357687952 0.36292010199999997 0.357687952 0.42677473400000004 0.441478325 0.42580901699999996 0.441345011 0.365200625
9 0.521959994 0.368621409 0.441345011 0.368621409 0.441345011 0.42791499499999996 0.519064105 0.428090952 0.521959994 0.368621409
9 0.677105812 0.482647537 0.7485945709999999 0.484928059 0.744031459 0.431335779 0.675756957 0.431513854 0.677105812 0.482647537
9 0.677105812 0.489489104 0.602574978 0.487208581 0.6042563350000001 0.545610591 0.6816689239999999 0.547642429 0.677105812 0.489489104
9 0.602574978 0.488348843 0.598011866 0.544221646 0.677105812 0.543081384 0.675756957 0.487421255 0.602574978 0.488348843
9 0.601053941 0.487208581 0.677105812 0.482647537 0.675584775 0.43247604 0.5996924659999999 0.431513854 0.601053941 0.487208581
9 0.525002069 0.484928059 0.598011866 0.48606832000000005 0.598011866 0.429055256 0.522106685 0.428090952 0.525002069 0.484928059
9 0.444387086 0.484928059 0.520438957 0.48606832000000005 0.51891792 0.429055256 0.439957035 0.42694998500000003 0.444387086 0.484928059
9 0.354645877 0.484928059 0.43982397300000003 0.487208581 0.43982397300000003 0.42677473400000004 0.360849964 0.42580901699999996 0.354645877 0.484928059
9 0.26490466900000004 0.482647537 0.354645877 0.483787798 0.357687952 0.424494211 0.274136444 0.422386115 0.26490466900000004 0.482647537
9 0.179726573 0.482647537 0.26490466900000004 0.482647537 0.266425706 0.42335395 0.179816475 0.42124514799999996 0.179726573 0.482647537
9 0.269467781 0.487208581 0.179726573 0.484928059 0.17525260599999998 0.549033493 0.266425706 0.549922952 0.269467781 0.487208581
9 0.267946744 0.483787798 0.181247611 0.484928059 0.176773896 0.5467515580000001 0.26490466900000004 0.54878269 0.267946744 0.483787798
9 0.35920898999999995 0.481507275 0.267946744 0.482647537 0.269572575 0.5501744599999999 0.357687952 0.549922952 0.35920898999999995 0.481507275
9 0.354645877 0.484928059 0.269467781 0.484928059 0.267946744 0.547642429 0.35628609499999997 0.5467515580000001 0.354645877 0.484928059
9 0.44286604799999996 0.487208581 0.354645877 0.483787798 0.360849964 0.549033493 0.43982397300000003 0.547642429 0.44286604799999996 0.487208581
9 0.441345011 0.484928059 0.357687952 0.483787798 0.35920898999999995 0.546502168 0.441478325 0.5467515580000001 0.441345011 0.484928059
9 0.525002069 0.484928059 0.444387086 0.484928059 0.444520904 0.5467515580000001 0.525002069 0.545361907 0.525002069 0.484928059
9 0.517396882 0.48606832000000005 0.44286604799999996 0.487208581 0.43982397300000003 0.546502168 0.525149265 0.5444696229999999 0.517396882 0.48606832000000005
9 0.602574978 0.48606832000000005 0.5234810320000001 0.487208581 0.525149265 0.545610591 0.602574978 0.547642429 0.602574978 0.48606832000000005
9 0.5234810320000001 0.487208581 0.525002069 0.545361907 0.601053941 0.547642429 0.601213756 0.488562223 0.5234810320000001 0.487208581
9 0.750115609 0.487208581 0.677105812 0.487208581 0.681842116 0.5467515580000001 0.7607628710000001 0.547642429 0.750115609 0.487208581
9 0.677105812 0.490629366 0.680147887 0.544221646 0.754678721 0.546502168 0.750300158 0.488562223 0.677105812 0.490629366
9 0.267946744 0.546502168 0.17516346100000002 0.549922952 0.173731316 0.617491535 0.26490466900000004 0.614917845 0.267946744 0.546502168
9 0.354645877 0.546502168 0.269467781 0.546502168 0.269467781 0.614917845 0.354764805 0.614068633 0.354645877 0.546502168
9 0.43982397300000003 0.54878269 0.35616691500000003 0.547642429 0.360730027 0.6126373220000001 0.441478325 0.611786698 0.43982397300000003 0.54878269
9 0.5234810320000001 0.54878269 0.43982397300000003 0.546502168 0.445908123 0.6126373220000001 0.525149265 0.610645731 0.5234810320000001 0.54878269
9 0.525002069 0.546502168 0.5265231069999999 0.609216538 0.605777625 0.606081861 0.5995329030000001 0.546502168 0.525002069 0.546502168
9 0.601053941 0.546502168 0.604096015 0.608076277 0.681842116 0.607222828 0.677105812 0.546502168 0.601053941 0.546502168
9 0.7561997579999999 0.546502168 0.680147887 0.546502168 0.683189962 0.606936016 0.757720796 0.603515232 0.7561997579999999 0.546502168
9 0.7561997579999999 0.546502168 0.759241833 0.604655493 0.829209555 0.60123471 0.8248433589999999 0.5467515580000001 0.7561997579999999 0.546502168
9 0.7561997579999999 0.6057957549999999 0.763804945 0.666229602 0.838534968 0.6654121639999999 0.830730592 0.603515232 0.7561997579999999 0.6057957549999999
9 0.687753074 0.669650386 0.762283908 0.666229602 0.757720796 0.6057957549999999 0.683363406 0.607222828 0.687753074 0.669650386
9 0.608659128 0.6719309090000001 0.683189962 0.669650386 0.677105812 0.606936016 0.607298915 0.608363796 0.608659128 0.6719309090000001
9 0.529565182 0.675351693 0.6101801649999999 0.6719309090000001 0.604096015 0.608076277 0.525149265 0.609504763 0.529565182 0.675351693
9 0.44286604799999996 0.676491954 0.5265231069999999 0.676491954 0.525002069 0.611497061 0.441478325 0.610645731 0.44286604799999996 0.676491954
9 0.354645877 0.681052999 0.44286604799999996 0.676491954 0.441345011 0.6103568 0.351722225 0.611786698 0.354645877 0.681052999
9 0.263383632 0.683333521 0.354645877 0.683333521 0.357687952 0.6126373220000001 0.263487416 0.614068633 0.263383632 0.683333521
9 0.172121386 0.6878945660000001 0.263383632 0.686754305 0.260341557 0.6137775830000001 0.17525260599999998 0.6163505669999999 0.172121386 0.6878945660000001
9 0.263383632 0.683333521 0.17060034899999998 0.686754305 0.169167447 0.7578305209999999 0.261862594 0.756310243 0.263383632 0.683333521
9 0.263383632 0.685614044 0.261862594 0.754029721 0.351722225 0.749843749 0.35312484 0.68219326 0.263383632 0.685614044
9 0.354645877 0.681052999 0.35616691500000003 0.749468676 0.439957035 0.74527988 0.44286604799999996 0.6776322149999999 0.354645877 0.681052999
9 0.441345011 0.6776322149999999 0.445908123 0.7471881530000001 0.531234424 0.738434075 0.5310862190000001 0.67307117 0.441345011 0.6776322149999999
9 0.5265231069999999 0.67307117 0.5310862190000001 0.742627108 0.610341495 0.736152141 0.6071380900000001 0.67307117 0.5265231069999999 0.67307117
9 0.6071380900000001 0.6742114309999999 0.61322224 0.73578554 0.6892741109999999 0.734645279 0.684710999 0.670790647 0.6071380900000001 0.6742114309999999
9 0.690795149 0.734645279 0.765325983 0.730084234 0.7624704769999999 0.668835066 0.684710999 0.669650386 0.690795149 0.734645279
9 0.763804945 0.669650386 0.768368058 0.728943972 0.841377854 0.725523189 0.835492388 0.6654121639999999 0.763804945 0.669650386