9 0.2695 0.5285 0.081 0.0595
9 0.252 0.577 0.0885 0.063
9 0.673 0.3735 0.083 0.0595
9 0.647 0.4755 0.0835 0.06
9 0.5455 0.568 0.0825 0.06
9 0.3205 0.3735 0.0835 0.059
9 0.5265 0.4095 0.0775 0.056
9 0.372 0.437 0.082 0.058
9 0.489 0.5105 0.0785 0.056
9 0.239 0.4185 0.0785 0.0585
9 0.3265 0.5875 0.0825 0.061
9 0.3865 0.597 0.083 0.0645
9 0.1915 0.569 0.076 0.057
9 0.5315 0.622 0.088 0.066
9 0.276 0.321 0.077 0.0555
9 0.5185 0.6755 0.081 0.061
9 0.7015 0.5415 0.083 0.064
9 0.5885 0.419 0.0815 0.059
9 0.338 0.5395 0.0805 0.0615
9 0.4395 0.4465 0.0815 0.056
9 0.3855 0.384 0.0795 0.056
9 0.605 0.3665 0.0795 0.054
9 0.292 0.4735 0.0845 0.059
9 0.309 0.6455 0.086 0.064
9 0.3715 0.654 0.0805 0.061
9 0.6595 0.704 0.079 0.0645
9 0.173 0.617 0.0785 0.062
9 0.4675 0.3465 0.08 0.055
9 0.417 0.2885 0.079 0.0535
9 0.562 0.5215 0.0815 0.0615
9 0.5995 0.6375 0.0795 0.0635
9 0.584 0.689 0.083 0.0675
9 0.4005 0.3365 0.0845 0.058
9 0.6595 0.4285 0.079 0.0565
9 0.6275 0.53 0.0835 0.058
9 0.683 0.3265 0.078 0.056
9 0.2235 0.4655 0.074 0.0555
9 0.506 0.4565 0.083 0.059
9 0.5735 0.465 0.082 0.0575
9 0.445 0.666 0.0875 0.068
9 0.5375 0.3555 0.08 0.06
9 0.3565 0.4845 0.078 0.057
9 0.7525 0.335 0.085 0.0605
9 0.46 0.6085 0.079 0.061
9 0.3035 0.4275 0.0815 0.0555
9 0.547 0.3105 0.076 0.0555
9 0.424 0.497 0.083 0.0615
9 0.258 0.3665 0.078 0.0525
9 0.6835 0.593 0.0795 0.0615
9 0.6735 0.6495 0.0795 0.0685
9 0.473 0.5585 0.0815 0.062
9 0.2085 0.521 0.081 0.059
9 0.406 0.548 0.0815 0.058
9 0.235 0.634 0.0785 0.058
9 0.6055 0.584 0.0725 0.0635
9 0.3455 0.2835 0.0775 0.059
9 0.3355 0.3285 0.076 0.0535
9 0.454 0.3965 0.0835 0.0595
9 0.7115 0.486 0.0775 0.0575
9 0.483 0.296 0.083 0.0595
9 0.739 0.3855 0.0775 0.0545
9 0.284 0.27 0.0785 0.0555
9 0.7265 0.4385 0.0775 0.0605
9 0.6185 0.3175 0.086 0.06