9 0.8307817566694505 0.7630448463649045 0.09993058344622818 0.07779331471089745
9 0.7750410326542329 0.3091137414612721 0.08914446675698241 0.06250234442851228
9 0.2346542986869569 0.6099066967324188 0.07914446675698247 0.062211374146127124
9 0.7831330916319323 0.36825922660246463 0.08935409787411482 0.06650234442851229
9 0.7184446675698248 0.6199896583998604 0.09445891343268067 0.06864782956970499
9 0.2291790672076955 0.7340575323935565 0.08135409787411464 0.0662695682026042
9 0.6228412873801614 0.4914000228866325 0.0862492823155485 0.06441505334379678
9 0.8045119580267855 0.5570938424272076 0.09335409787411482 0.06661873254146644
9 0.821034600450713 0.6913702641954735 0.09661613677052992 0.07170602362618206
9 0.4660232792387493 0.6141426587696353 0.08135409787411459 0.0662695682026042
9 0.459299510084934 0.43821540134023146 0.0791444667569824 0.062211374146127124
9 0.7116167735853517 0.5563878188010256 0.0912492823155485 0.06456053848498959
9 0.38498362804033287 0.5538730905670309 0.07903965119841633 0.06021137414612713
9 0.5529411061041107 0.7484704210287164 0.08866854454981285 0.07247324740027397
9 0.46215573405585975 0.4927154013402315 0.07909205897769948 0.06121137414612724
9 0.6319970753491078 0.6184727654572288 0.08945891343268067 0.06850234442851251
9 0.23921877231919836 0.4397995066136387 0.07393483563985034 0.05806588900493466
9 0.3092838827662616 0.7383852946526379 0.08345891343268068 0.06832776225908128
9 0.8119708714594662 0.6232102305401617 0.09566854454981286 0.07267692659794352
9 0.3100622397092575 0.5531908134491423 0.07993483563985024 0.05824047117436566
9 0.6146309655351212 0.3728418288301555 0.0852492823155485 0.06438595631555837
9 0.6420721255523183 0.7535600565419444 0.09377336010837894 0.07461873254146645
9 0.7903299661681977 0.42937561471541874 0.09224928231554849 0.06458963551322791
9 0.3091280947973154 0.6115744253361881 0.0822492823155485 0.06429866523084274
9 0.38554948312839077 0.6123003479964346 0.08130169009483165 0.06526956820260421
9 0.7371507372212429 0.7578242742246034 0.1018257678876621 0.07585150876737452
9 0.4699149022144692 0.7455553676849197 0.08561613677052991 0.07138595631555836
9 0.6106437221159878 0.315812731801917 0.08314446675698264 0.06232776225908128
9 0.7966054523733879 0.4919629058001343 0.09335409787411458 0.06661873254146644
9 0.45762883943831 0.37775904688258927 0.07703965119841633 0.06015318008965016
9 0.3096005094518574 0.38243813818916966 0.07493483563985023 0.0580949860331732
9 0.726534600450713 0.6886205950269337 0.09666854454981286 0.07270602362618206
9 0.2303773771128639 0.6711884690206298 0.07814446675698247 0.06218227711788859
9 0.4551677999088182 0.3212735953967085 0.0768824278605673 0.05715318008965028
9 0.7056840640423124 0.4908150762304293 0.0912492823155485 0.06456053848498937
9 0.6281691813646346 0.5549582169431097 0.08719687453626557 0.06344415037203543
9 0.38628388276626163 0.7406257658270036 0.08345891343268068 0.06832776225908128
9 0.7010658011749715 0.4312714306880715 0.09030169009483142 0.06553144145675083
9 0.5288795571227616 0.31792677548635867 0.07903965119841633 0.06021137414612713
9 0.38295673342278314 0.438989478679985 0.07703965119841633 0.06015318008965016
9 0.6187754322921036 0.432870925858394 0.08514446675698263 0.062385956315558364
9 0.5328930044315364 0.3754558725145972 0.0821444667569824 0.062298665230842744
9 0.696421334417989 0.3712277851457138 0.08719687453626557 0.06344415037203543
9 0.2418363444586311 0.3849595402689505 0.0748300200812842 0.0560949860331732
9 0.6893292754402897 0.3121113970327598 0.08514446675698263 0.062385956315558364
9 0.3854297848921469 0.6766985083975999 0.08340650565339774 0.06732776225908128
9 0.30927048937057317 0.32851088075976587 0.07483002008128414 0.0560949860331732
9 0.311022588510841 0.49530720156209634 0.07903965119841633 0.06021137414612713
9 0.5379985107180107 0.49192677548635866 0.08314446675698264 0.06232776225908128
9 0.23708844359889897 0.5515667303877305 0.07693483563985029 0.05815318008965005
9 0.24200632437734687 0.3310468313536661 0.07277761230200122 0.05503679197669612
9 0.46437881248176677 0.5541863043119929 0.08103965119841633 0.06026956820260421
9 0.46740358100250545 0.6785844647131581 0.08535409787411459 0.06638595631555835
9 0.3095353450917077 0.4383508471044541 0.07693483563985035 0.05815318008965016
9 0.38391777295227497 0.49543128462350794 0.0789872434191334 0.05921137414612713
9 0.23715360795904866 0.49565402147244614 0.07993483563985035 0.05824047117436578
9 0.5361160828574434 0.4369558725145972 0.08414446675698241 0.06235685928731982
9 0.5509559887817885 0.6820140665710742 0.08956372899124676 0.07050234442851251
9 0.3842860627761592 0.3786204153070583 0.07693483563985035 0.05815318008965016
9 0.5422739969232007 0.5544558725145972 0.08514446675698263 0.062385956315558364
9 0.6385083965610715 0.6855600565419444 0.09161613677052992 0.07156053848498936
9 0.3099035810025055 0.6740016827655919 0.08330169009483165 0.06532776225908128
9 0.382560858253441 0.3266495123352968 0.07393483563985023 0.05806588900493466
9 0.5454970753491077 0.6159558725145972 0.08735409787411481 0.06644415037203544