8 0.007175351 0.6166481680000001 0.008535536 0.733542143 0.872965227 0.848005435 0.975609005 0.168996523 0.137683454 0.067312048 0.007175351 0.6166481680000001
10 0.893932541 0.225921322 0.19757968299999998 0.139799167 0.07147482499999999 0.673989066 0.8054937190000001 0.77216083 0.893932541 0.225921322
0 0.84310694 0.7012116310000001 0.8315803110000001 0.775647201 0.882132107 0.7787166590000001 0.89336335 0.7071588329999999 0.84310694 0.7012116310000001
1 0.844884146 0.7017746079999999 0.89476293 0.7085811270000001 0.906215766 0.635792853 0.850874238 0.630500563 0.844884146 0.7017746079999999
2 0.913539879 0.567542681 0.863675661 0.560649174 0.849031472 0.631539167 0.903929811 0.639292352 0.913539879 0.567542681
3 0.924327934 0.498445751 0.8740276699999999 0.493971966 0.863505062 0.560365031 0.91493946 0.568964974 0.924327934 0.498445751
4 0.934894395 0.430579269 0.886001123 0.427486633 0.870607582 0.493345307 0.922928353 0.49702345800000003 0.934894395 0.430579269
5 0.945017671 0.36517368299999997 0.896574863 0.359578212 0.8846379849999999 0.424632067 0.9323868479999999 0.43530921499999997 0.945017671 0.36517368299999997
6 0.9569837139999999 0.298729495 0.9055271579999999 0.291477915 0.8931400859999999 0.35903463599999996 0.943396496 0.364981838 0.9569837139999999 0.298729495
7 0.964086232 0.23170977099999998 0.917278881 0.226223792 0.906948896 0.291551846 0.9555841319999999 0.297307202 0.964086232 0.23170977099999998
7 0.17641700700000001 0.13724254300000002 0.126236168 0.13135657699999997 0.10719664799999999 0.190628063 0.160473814 0.19818940499999999 0.17641700700000001 0.13724254300000002
6 0.15958744 0.203111196 0.112641272 0.197650033 0.09154506999999999 0.259149458 0.144822236 0.266710798 0.15958744 0.203111196
5 0.142979469 0.267749401 0.09602521900000001 0.26232852500000003 0.081864982 0.322094148 0.130721811 0.326619057 0.142979469 0.267749401
4 0.113449059 0.394948606 0.130117377 0.330492787 0.078179446 0.324171354 0.065035415 0.387962801 0.113449059 0.394948606
3 0.096397898 0.462047706 0.111658151 0.396210611 0.061349879 0.390040006 0.047762663000000004 0.45629235 0.096397898 0.462047706
2 0.096176305 0.463278155 0.045955331 0.457595211 0.03048991 0.524621899 0.082367494 0.530760946 0.096176305 0.463278155
1 0.080524726 0.5317995489999999 0.031473512 0.528813506 0.014395144 0.595604188 0.06442996100000001 0.602781838 0.080524726 0.5317995489999999
0 0.007254467 0.623447363 0.007746053 0.665694174 0.050177963 0.6727255259999999 0.067921635 0.6022863610000001 0.014838331 0.593143293 0.007254467 0.623447363
9 0.2332573943730024 0.17649586668309855 0.09486106795671224 0.08112289407700751
9 0.31696102530871145 0.18766861502958654 0.09896579243793394 0.09042599595262488
9 0.41014720216421674 0.19662149642148335 0.10190761217058866 0.08565332235933784
9 0.49386828718012943 0.20929424476797134 0.09289597611711951 0.08397134313919884
9 0.5780195558752276 0.21592910538000717 0.10289597611711952 0.08472909782824217
9 0.665229004837671 0.22733663958533 0.0968843400636506 0.08327444501481619
9 0.7411657071419323 0.30215347941750487 0.10198906454487223 0.09265332235933783
9 0.7564384538001145 0.23844107191503547 0.10488434006365037 0.08388064876605085
9 0.8451420847358235 0.2492349429170018 0.09690761217058844 0.0852744450148162
9 0.8343867921578448 0.3141063608094017 0.10596579243793394 0.09095642423495519
9 0.6534853483131615 0.29328383294663424 0.09690761217058844 0.08527444501481614
9 0.5648108075111252 0.28498996194466786 0.09594252033099565 0.0881986695459119
9 0.48008972249521265 0.2723929890670842 0.09390761217058867 0.08504711860810324
9 0.39337445550603456 0.2604475671273092 0.09896579243793406 0.09042599595262482
9 0.3056766425970601 0.2500779206564385 0.09790761217058866 0.0853502204837206
9 0.2194846477148202 0.2400946109822114 0.09089597611711951 0.08381979220139021
9 0.20574680921704527 0.30669335528132424 0.09388434006365043 0.08304711860810311
9 0.29343298607255064 0.3160630017521949 0.10393088427752672 0.08780487329714651
9 0.3811482530617287 0.3279326482230656 0.09593088427752673 0.0871986695459118
9 0.46635188399743766 0.3389917333661971 0.10393088427752672 0.08780487329714651
9 0.554026424799474 0.3473613798370677 0.10391924822405758 0.08680487329714652
9 0.6422533278421211 0.36019313857348617 0.10595415638446502 0.08995642423495519
9 0.730945322724361 0.36998700957545255 0.10691924822405781 0.08703219970385953
9 0.8226605897135392 0.38155355417070586 0.1039192482240578 0.08680487329714652
9 0.19097406255886307 0.3703678750493415 0.0939192482240577 0.08604711860810312
9 0.28067769349457206 0.38108597058240345 0.10494252033099588 0.08888064876605085
9 0.36838714245701554 0.3924556170532741 0.10190761217058866 0.08565332235933784
9 0.45708495536599003 0.40274948805524047 0.09889597611711952 0.08442599595262482
9 0.5403118584086372 0.41596012413618066 0.09988434006365036 0.08350177142152916
9 0.6295096713176115 0.42621610740369476 0.10796579243793394 0.09110797517276387
9 0.7207016661998515 0.43582053973340024 0.10393088427752672 0.08780487329714651
9 0.8109227512157641 0.4480007475320101 0.1039192482240578 0.08680487329714652
9 0.7977140028516619 0.5170616040966708 0.09894252033099565 0.08842599595262482
9 0.7069929178357492 0.5049192840325132 0.10089597611711952 0.0845775468904335
9 0.6152951049267747 0.49485273943725977 0.09795415638446502 0.08935022048372047
9 0.5245740199108623 0.4827104193731021 0.09795415638446502 0.08935022048372047
9 0.44085875292168414 0.47053767102661415 0.10097742849140309 0.0915775468904335
9 0.35217839409291335 0.4617438000246478 0.1029774284914031 0.09172909782824218
9 0.26397476315720436 0.45091204128822926 0.0979541563844649 0.08935022048372047
9 0.17474786011455717 0.4381560580207151 0.10595415638446491 0.08995642423495519
9 0.15854492977718948 0.5079442409920889 0.09896579243793406 0.09042599595262482
9 0.24826601479310206 0.5201623365251509 0.10198906454487218 0.09265332235933783
9 0.33945800967534195 0.5297667688548563 0.10198906454487223 0.09265332235933783
9 0.4256790946912546 0.5422500785290836 0.09996579243793406 0.09050177142152915
9 0.5118478174665563 0.5502333882033107 0.09998906454487223 0.09250177142152916
9 0.6045979926161417 0.5647241573296596 0.10500070059834116 0.09388064876605086
9 0.6978074415785852 0.5756770387215564 0.11001233665181052 0.09525952611057255
9 0.7880285265944978 0.5878572465201662 0.10700070059834116 0.09403219970385954
9 0.14232454535961817 0.5762324239634625 0.10798906454487218 0.09310797517276387
9 0.23304563037553075 0.5883747440276201 0.10201233665181036 0.09465332235933784
9 0.32475507933797426 0.5994412886228736 0.1020123366518103 0.09465332235933784
9 0.41444707422021415 0.6091593841559355 0.10198906454487223 0.09265332235933783
9 0.5006565231826577 0.6206426938301627 0.10504724481221762 0.09788064876605085
9 0.5928892442520394 0.6336713506909638 0.10807051691915581 0.10010797517276387
9 0.684121965321421 0.6467757830206693 0.10902397270527944 0.09618375064166822
9 0.7753372323105991 0.6583802153503748 0.1110705169191558 0.10033530157947688
9 0.12612161502225044 0.6460206069348362 0.10095415638446494 0.0895775468904335
9 0.2178368820114285 0.6575871515300896 0.102965792437934 0.09072909782824218
9 0.30954051294713747 0.6681536961253429 0.10198906454487223 0.09265332235933783
9 0.3987906880967228 0.682909679392857 0.10700070059834127 0.09403219970385954
9 0.4879768649522282 0.6921656626603713 0.10597742849140308 0.09195642423495519
9 0.5767037679948753 0.7049595336623375 0.10700070059834116 0.09403219970385954
9 0.6734073989305843 0.7151472009130692 0.11204724481221774 0.09841107704838123
9 0.7671692101336387 0.7305621945705139 0.10904724481221774 0.0981837506416682