9 0.2870050153844536 0.5000072642529845 0.0834855595314291 0.06571771276506866
9 0.2652978779972877 0.545375983388529 0.0886892939192511 0.07100892960241867
9 0.5789770074757883 0.44541283590054426 0.08340406577630029 0.06371771276506866
9 0.3364498280383183 0.5572698259818952 0.0866078001641223 0.06889244286747861
9 0.4256187930760683 0.32253285428610184 0.08244481265386458 0.06465946939759874
9 0.34773933220908954 0.35463408031623056 0.08444481265386457 0.06477595613253857
9 0.43539381222098744 0.4763290024999569 0.08552630640899338 0.06683419950000871
9 0.47164509948506167 0.38199926780115756 0.08340406577630029 0.06371771276506866
9 0.39649991088543785 0.5673043456174311 0.0907707876743799 0.0731254163373585
9 0.46567223436525057 0.5798146749457374 0.0836485470416867 0.06971771276506865
9 0.5135041423559772 0.6466937234095881 0.0867300407968155 0.07189244286747862
9 0.39080638549564745 0.4152752239336962 0.08544481265386457 0.06483419950000871
9 0.3156501594267965 0.6126094234337048 0.0887707876743799 0.07300892960241867
9 0.353136591986702 0.5116923236837004 0.0866485470416867 0.06989244286747862
9 0.7384303276280125 0.373477410370407 0.07732257202117125 0.06136825256024872
9 0.5945576282024406 0.6063886455933144 0.0897300407968155 0.07206717296988858
9 0.64204746376169 0.4557726254336703 0.08356705328655789 0.06771771276506866
9 0.5478683342831895 0.5429513537619937 0.0875670532865579 0.06795068623494853
9 0.305100121136958 0.30449293669876487 0.07728182514360697 0.06036825256024872
9 0.31196767150623317 0.4484346933312949 0.08752630640899338 0.06695068623494853
9 0.41768667483382155 0.5214647481656216 0.08456705328655789 0.06777595613253856
9 0.4069116556889023 0.3677268433192365 0.08136331889873577 0.06260122603012871
9 0.48512812904562336 0.3315964956053728 0.07828182514360696 0.060426495927718746
9 0.445892939192511 0.635596029030077 0.0938930283070731 0.07630014643976847
9 0.5279260516001922 0.5947327078463334 0.0918930283070731 0.07618365970482864
9 0.5777375861521364 0.660995269575244 0.08897452206220191 0.07800892960241845
9 0.6110202843242201 0.5553111432951198 0.08468929391925122 0.0707759561325388
9 0.20932928890529698 0.5371084902831131 0.08044481265386463 0.06454298266265869
9 0.45383609490398474 0.4246350134668222 0.08232257202117137 0.06165946939759874
9 0.664392939192511 0.6228698532378856 0.08697452206220214 0.07789244286747862
9 0.5922045183017364 0.4010391853884945 0.0834855595314291 0.06571771276506866
9 0.6276459279562571 0.508233640996925 0.08548555953142886 0.06583419950000871
9 0.674380244780893 0.36367586420475095 0.0865670532865579 0.06789244286747863
9 0.5139269246286687 0.4356695331023582 0.08252630640899361 0.06665946939759874
9 0.47979787799728774 0.5328827810662176 0.08660780016412219 0.06889244286747861
9 0.3297155557709634 0.4042989476656302 0.08036331889873577 0.06254298266265869
9 0.49798464194567144 0.4872179137168179 0.07940406577630028 0.06348473929518877
9 0.6627953480264204 0.4114621496655957 0.08036331889873577 0.06254298266265869
9 0.6787741015591616 0.5699088376746309 0.08256705328655789 0.06765946939759851
9 0.6937571311197234 0.5194187004276412 0.0857300407968155 0.0718341995000087
9 0.3636298305452953 0.31411482138550584 0.07720033138847816 0.05836825256024872
9 0.37770024227391596 0.6225274563343008 0.08356705328655789 0.06771771276506866
9 0.17962215151813105 0.5829431563584175 0.0857707876743799 0.0728341995000087
9 0.6460525237034246 0.6770638422710202 0.08385228142950882 0.07471771276506865
9 0.5306544354546168 0.39109203080416355 0.08132257202117125 0.061601226030128714
9 0.24539721522033137 0.4382787555843138 0.08032257202117137 0.06154298266265869
9 0.5453004525254361 0.34463101524090883 0.08448555953142908 0.06577595613253857
9 0.24787596875307263 0.5975117290541937 0.0875670532865579 0.06795068623494853
9 0.6071875478622981 0.35054904814150484 0.08032257202117148 0.06154298266265869
9 0.5633513638437512 0.49243209483126893 0.08964854704168647 0.07006717296988858
9 0.37355850123091705 0.45938184791562586 0.08040406577630028 0.06354298266265869
9 0.7253658043123221 0.4218510608824568 0.08260780016412218 0.06865946939759875
9 0.2285160528536807 0.49138537956624345 0.08252630640899349 0.06665946939759863
9 0.7535355978212674 0.32598727312341724 0.08768929391925122 0.07095068623494853
9 0.5619464695962554 0.29805351294271404 0.08024107826604268 0.059542982662658686
9 0.6890262618517125 0.3172148486414962 0.08132257202117125 0.061601226030128714
9 0.4984371336267003 0.289222845093323 0.08648555953142908 0.06589244286747863
9 0.7072605341190672 0.4695159282318564 0.08240406577630029 0.06365946939759874
9 0.6244761790045928 0.3074424241595751 0.08548555953142908 0.0658341995000086
9 0.43540742421836304 0.279863055560197 0.07924107826604257 0.05948473929518877
9 0.26514509948506165 0.3940265231837092 0.08252630640899337 0.06665946939759874
9 0.27968924936197004 0.34506550762045435 0.07628182514360697 0.060310009192778805
9 0.37627584761611466 0.26777029255719104 0.08536331889873577 0.0628341995000086
9 0.31518501789143066 0.256794016289125 0.07928182514360696 0.06048473929518877