9 0.792 0.74 0.0955 0.075
9 0.76 0.287 0.0855 0.0605
9 0.203 0.604 0.0755 0.0605
9 0.765 0.346 0.0865 0.0635
9 0.687 0.6 0.091 0.0665
9 0.191 0.7285 0.078 0.0635
9 0.598 0.474 0.083 0.062
9 0.7765 0.5345 0.0905 0.0645
9 0.786 0.6685 0.093 0.069
9 0.4345 0.6015 0.0785 0.064
9 0.437 0.4255 0.076 0.0595
9 0.6835 0.5365 0.0875 0.0625
9 0.3565 0.5435 0.076 0.0575
9 0.5145 0.7335 0.085 0.0705
9 0.437 0.48 0.0765 0.059
9 0.6005 0.601 0.0855 0.0655
9 0.2165 0.4335 0.071 0.0555
9 0.271 0.7305 0.08 0.0665
9 0.7805 0.6005 0.092 0.0695
9 0.2815 0.545 0.077 0.056
9 0.596 0.3555 0.0815 0.0615
9 0.6035 0.736 0.0895 0.072
9 0.769 0.407 0.089 0.0625
9 0.2775 0.6035 0.079 0.0615
9 0.354 0.602 0.078 0.063
9 0.6985 0.7375 0.0985 0.073
9 0.4315 0.733 0.0825 0.069
9 0.595 0.2985 0.0805 0.0595
9 0.772 0.4695 0.09 0.0635
9 0.4385 0.365 0.074 0.0585
9 0.29 0.374 0.072 0.0555
9 0.6915 0.6685 0.093 0.07
9 0.1955 0.6655 0.075 0.06
9 0.439 0.3085 0.0745 0.055
9 0.681 0.471 0.088 0.0615
9 0.6 0.5375 0.0845 0.061
9 0.348 0.7305 0.0805 0.0665
9 0.6795 0.4115 0.087 0.063
9 0.513 0.303 0.076 0.058
9 0.3605 0.4285 0.074 0.058
9 0.597 0.4155 0.0825 0.0605
9 0.514 0.3605 0.079 0.06
9 0.678 0.3515 0.0845 0.061
9 0.222 0.3785 0.0725 0.0545
9 0.674 0.2925 0.082 0.0605
9 0.3505 0.6665 0.0795 0.065
9 0.2925 0.32 0.0725 0.0535
9 0.2855 0.487 0.0755 0.0575
9 0.513 0.477 0.0805 0.0595
9 0.2085 0.5455 0.074 0.0555
9 0.225 0.3245 0.0695 0.053
9 0.436 0.5415 0.0775 0.0575
9 0.4325 0.666 0.0825 0.0645
9 0.287 0.43 0.0745 0.056
9 0.3585 0.485 0.0755 0.057
9 0.2115 0.4895 0.077 0.0565
9 0.514 0.422 0.081 0.06
9 0.516 0.667 0.0855 0.0675
9 0.365 0.368 0.0735 0.056
9 0.514 0.5395 0.0815 0.0595
9 0.6035 0.668 0.0875 0.069
9 0.275 0.666 0.08 0.063
9 0.366 0.316 0.071 0.056
9 0.514 0.601 0.0835 0.0645