9 0.30753466497389753 0.6970315422278672 0.07839561242714489 0.06890761217058844
9 0.3608184051796657 0.40267152516866683 0.07937234110790109 0.0649192482240577
9 0.7853601300795688 0.6725935757860897 0.09645960855506541 0.08011706113303217
9 0.7385911764532963 0.28207577140671536 0.09243051940601071 0.07507051691915581
9 0.8674150660990309 0.5970535501972891 0.10346542638487653 0.08119851350731574
9 0.7454693353910083 0.3471514057542645 0.09443051940601072 0.07509378902609387
9 0.8501500214788902 0.46536155531504925 0.09944797289544363 0.07815196929343939
9 0.3770084847397483 0.6933402479439685 0.08341306591657781 0.07196579243793394
9 0.8585252715016968 0.5299546437428019 0.1004479728954434 0.0781636053469083
9 0.526580874248643 0.6215856559643312 0.0854188837463887 0.07298906454487224
9 0.2830566028381727 0.3567697310248128 0.0743665232780902 0.0638610679567123
9 0.6094066727180566 0.6785456303755306 0.0864421550656325 0.07700070059834116
9 0.7533358586690986 0.4102386761552826 0.09343051940601071 0.07508215297262484
9 0.5762511667730975 0.30768491271798915 0.08441306591657781 0.0719774284914031
9 0.454970668845977 0.6877478601145571 0.08441306591657781 0.0719774284914031
9 0.6590507850083618 0.36014488712918863 0.09041888374638893 0.07304724481221762
9 0.37415359712128 0.6323111578102959 0.08140143025695591 0.06994252033099588
9 0.8353791590289386 0.33269865056648207 0.10143633723582161 0.07617524140037756
9 0.6864994246312897 0.6094474245193848 0.0944479728954434 0.07809378902609387
9 0.8417689536262726 0.39976846688729656 0.0984421550656325 0.07714033323997023
9 0.42541988383761525 0.33492786864415736 0.0793781589377121 0.0659192482240577
9 0.7597081997769997 0.4743084924760971 0.09443051940601072 0.07509378902609387
9 0.7685805408849009 0.5384073989305843 0.09443051940601072 0.07509378902609387
9 0.49732970747554545 0.32026566449393146 0.0833956124271449 0.06896579243793394
9 0.5026933218387302 0.38282384476127684 0.0813956124271449 0.06894252033099588
9 0.27823953111347566 0.30221736878420186 0.0753665232780902 0.06387270401018146
9 0.6536784439004607 0.2960867068618432 0.09242470157619982 0.07407051691915581
9 0.5309386707820167 0.6831322001782076 0.08843051940601071 0.07502397270527945
9 0.6933746746540962 0.6740230588669338 0.0934479728954434 0.07808215297262495
9 0.5869725776696559 0.43180127325268 0.08340724808676668 0.07096579243793394
9 0.2993568878009212 0.580444271826849 0.07637234110790109 0.0648843400636506
9 0.8748252231007032 0.6676350025715728 0.10148287987430922 0.08417524140037767
9 0.30420013975976756 0.6394966340674599 0.07839561242714489 0.06890761217058866
9 0.5197230777152693 0.5600100216167823 0.0833956124271449 0.06896579243793394
9 0.569931186133495 0.2526150963971746 0.0833956124271449 0.06896579243793406
9 0.446263802523946 0.5661547716868045 0.081389794597334 0.06794252033099565
9 0.5806205989660932 0.37123145693186554 0.08540143025695579 0.06998906454487223
9 0.6654114904566409 0.4222147034500031 0.0914130659165778 0.07205888086568667
9 0.49251554466575387 0.26621330225332057 0.08238397676752311 0.0669541563844649
9 0.4312573179666507 0.3929918669382373 0.08038397676752311 0.06693088427752673
9 0.8265097268359429 0.26909974411199483 0.1004479728954434 0.07816360534690853
9 0.7759557909077075 0.6029888513048679 0.09845379072525452 0.07914033323997023
9 0.5143740079266119 0.4999518413494368 0.083389794597334 0.06796579243793406
9 0.6722663780751092 0.4832903377975522 0.0914130659165778 0.07205888086568667
9 0.6025372405250609 0.6149699960279817 0.08443633723582161 0.07597742849140332
9 0.42159408536820175 0.27888714245701557 0.08037815893771211 0.06593088427752673
9 0.3511638993259332 0.2900668006874451 0.0793665232780902 0.0639192482240577
9 0.4511128723126033 0.6262071339274153 0.08441306591657781 0.0719774284914031
9 0.6458235562819923 0.23499943646082505 0.0904130659165778 0.07204724481221762
9 0.2955339982464132 0.5249035456397073 0.07636070544827919 0.0628843400636506
9 0.8181490213876637 0.20700665568424217 0.09843051940601072 0.07514033323997028
9 0.36981616299224457 0.5742646135964196 0.07837234110790109 0.06490761217058866
9 0.5996765350767816 0.552940905894309 0.08140143025695579 0.06994252033099588
9 0.5075307559677655 0.4408762070018878 0.083389794597334 0.06796579243793394
9 0.7317508334093554 0.22350013705916635 0.09341888374638893 0.0730821529726249
9 0.3554867888804412 0.3456133449013214 0.0793781589377121 0.06591924822405758
9 0.36465293039379565 0.4602122513558087 0.0783781589377121 0.06590761217058866
9 0.4350918431807806 0.4505325931253791 0.0813781589377121 0.06594252033099587
9 0.6791329013531995 0.5463659721451013 0.09442470157619982 0.07409378902609387
9 0.5883158296285024 0.490812909306149 0.08240724808676668 0.07095415638446491
9 0.44041473273528864 0.5060907733927246 0.080389794597334 0.06793088427752673
9 0.3654670932035872 0.5142180693825431 0.0783781589377121 0.06590761217058866
9 0.29170819977699974 0.4688628194525654 0.07637234110790109 0.06488434006365038
9 0.28737949239268074 0.41231627523868913 0.0773665232780902 0.06389597611711952