9 0.41156318513667134 0.6579683636487552 0.11061873254146644 0.0925137279024002
9 0.3992163652263215 0.5843058548949108 0.10856053848498937 0.09046717738568896
9 0.4789207060869117 0.7643274579346885 0.11288060579561307 0.10156027841911122
9 0.48074780668307243 0.49546710948482175 0.1054150533437969 0.08539735161062231
9 0.34837104836168814 0.5630045307002219 0.10235685928731982 0.08332752583555567
9 0.5088902857328321 0.38688522802593284 0.0982695682026042 0.08023442480213339
9 0.3578488048991113 0.632236865229133 0.10550234442851229 0.08839735161062232
9 0.649832091676355 0.3856034165977994 0.11050234442851252 0.08851372790240009
9 0.2976421196100088 0.537703206505533 0.10547324740027386 0.08739735161062231
9 0.4066705549753268 0.345294217265733 0.09721137414612713 0.07821114954377788
9 0.3775862699820442 0.45189937398297747 0.10335685928731982 0.08335080109391117
9 0.595001323325841 0.36389519343653287 0.09932776225908128 0.08225770006048902
9 0.7056919570551078 0.4062883645007105 0.10544415037203544 0.08639735161062231
9 0.6105954679762182 0.42898787641531055 0.10232776225908129 0.08232752583555566
9 0.4652048228036351 0.6861998620683774 0.10961873254146644 0.09249045264404458
9 0.4957524955400972 0.32323435690126623 0.09624047117436578 0.07918787428542237
9 0.4686245650044567 0.4312929631017996 0.10438595631555836 0.08437407635226668
9 0.3388205492536687 0.49627219617131085 0.09932776225908128 0.08225770006048902
9 0.1980387769654576 0.4920540075994443 0.10547324740027386 0.08739735161062231
9 0.5557065055692271 0.409279653254044 0.10444415037203521 0.08637407635226668
9 0.5738151987337234 0.47381414808693284 0.10747324740027375 0.08744390212733333
9 0.25028225423125616 0.5168204189065998 0.10029866523084274 0.08128097531884441
9 0.7230969710219347 0.4778344969627772 0.10647324740027397 0.08742062686897793
9 0.328697307575053 0.4320514992715775 0.09821137414612724 0.07823442480213338
9 0.20808927607347705 0.5587747044991775 0.10647324740027386 0.08742062686897793
9 0.4183083451680618 0.40898000127793294 0.09724047117436567 0.07921114954377788
9 0.6658680422702553 0.4526844619473994 0.11056053848498937 0.09051372790240009
9 0.7724354343209063 0.4307172845617105 0.12876421768265892 0.09793268255280009
9 0.4524307454638816 0.6100489909437107 0.10550234442851229 0.08839735161062232
9 0.36815197926710336 0.7074459244996886 0.10758963551322791 0.09144390212733333
9 0.4404384404123392 0.5413748445606885 0.10132776225908129 0.08230425057720003
9 0.5450832638906113 0.34507059398348844 0.10538595631555836 0.08439735161062231
9 0.5893511493276237 0.5409068310657106 0.10961873254146644 0.09249045264404458
9 0.5076305771873224 0.6362455764757996 0.11364782956970498 0.09358355367746685
9 0.3056344246615512 0.6064704539219774 0.1075023444285124 0.08844390212733333
9 0.4937692087628534 0.5631179806094885 0.10856053848498937 0.09046717738568896
9 0.534491283948871 0.5201986079044439 0.1024150533437969 0.08532752583555567
9 0.5205135274114479 0.4510710120381329 0.10029866523084274 0.08128097531884453
9 0.4223518109905442 0.733665785290133 0.11482241173913599 0.09960682893582225
9 0.3939891192402341 0.28313170851188857 0.09829866523084274 0.08123442480213339
9 0.266325058390818 0.6523549137394886 0.10441505334379679 0.08537407635226668
9 0.6464927869945875 0.5690568660810884 0.10853144145675106 0.08946717738568896
9 0.2880188779313931 0.4734708719766219 0.10338595631555836 0.08435080109391117
9 0.42937339279020054 0.47517742291931075 0.10032776225908129 0.08228097531884442
9 0.25836185036751413 0.5825876663230443 0.10441505334379679 0.08537407635226668
9 0.5223901060129568 0.7128498970837552 0.11788060579561306 0.10167665471088913
9 0.45701587183996023 0.36660717908959967 0.10338595631555836 0.08435080109391128
9 0.6071106781532579 0.6174413258985995 0.1137351206544206 0.09658355367746663
9 0.31493759902954327 0.6817027884508886 0.11173512065442048 0.09653700316075584
9 0.3674339312751899 0.3886786770832441 0.10232776225908129 0.08232752583555566
9 0.38968041463242137 0.5170735203659997 0.10538595631555836 0.08439735161062231
9 0.5479981375145326 0.5883378413999328 0.10653144145675082 0.08942062686897771
9 0.21506703261090018 0.6280652271739775 0.11056053848498937 0.09051372790240021
9 0.6255586759995222 0.4985921970232661 0.10644415037203543 0.08642062686897782
9 0.44492172718958306 0.30143303270657734 0.10335685928731982 0.08335080109391128
9 0.5652867633684054 0.6638839738619995 0.11464782956970498 0.09360682893582226
9 0.16632355534510157 0.6032173524625777 0.09935685928731983 0.08325770006048902
9 0.3166468084670336 0.3653773528885553 0.0982695682026042 0.08023442480213339
9 0.27939563625277736 0.40921526218935533 0.10738595631555836 0.08444390212733345
9 0.3607524955400972 0.3263765167792664 0.09829866523084274 0.08123442480213339
9 0.1577148621806051 0.5384617426753109 0.10232776225908129 0.08232752583555566
9 0.6833312502935591 0.522230594409466 0.11667692659794351 0.0946533794525335
9 0.10883275333927561 0.5870673174471999 0.12273512065442051 0.0967930310026668
9 0.2426735610667597 0.45204153386097756 0.0992695682026042 0.08025770006048902