9 0.44833923136560055 0.689430083800961 0.11614132376871111 0.09531706121919069
9 0.7793570719135782 0.401109836770462 0.10288529592680015 0.08393879985209014
9 0.46119163677722247 0.2742754006655945 0.09676891963502225 0.07876421768265902
9 0.17415965027220037 0.4317280873688834 0.10083874541008896 0.08188060579561307
9 0.667239441457867 0.334825058390818 0.10179219489337789 0.0799097028238516
9 0.3891276637671783 0.5745740658964373 0.10393184644351118 0.08596789688032869
9 0.39444313391891167 0.6524722262976025 0.1059783969602223 0.08802609093680576
9 0.5596799991480447 0.27090934338410066 0.09976891963502225 0.07885150876737453
9 0.4319742843146448 0.45925015111158485 0.10788529592680016 0.0840842849932826
9 0.3304975595730004 0.46320349947779416 0.1069551217018668 0.08705518796504406
9 0.5048982556207784 0.7333151987337235 0.10925770006048902 0.10011338202152115
9 0.6044547715480895 0.6468618503675141 0.10911804851035549 0.09411338202152138
9 0.8458346327645115 0.4412039814208392 0.130211149543778 0.09872441961453
9 0.2781014621263115 0.42620199643207773 0.1028387454100889 0.08193879985209014
9 0.3231110094822669 0.3178198875907482 0.10888529592680016 0.08411338202152115
9 0.285639301396356 0.5780856083191236 0.1069551217018668 0.0870551879650443
9 0.6391268276578894 0.5242707118085698 0.11100167221857782 0.08917157607799822
9 0.2828936570196893 0.5031147053473621 0.10288529592680004 0.08393879985209014
9 0.32182174097140037 0.3914071786754638 0.10788529592680005 0.0840842849932826
9 0.4222170023088003 0.38398292733749295 0.10588529592680004 0.08402609093680564
9 0.5682743543454003 0.33920566418643106 0.10079219489337789 0.07988060579561307
9 0.5039235532514891 0.24000967993721906 0.1048387454100889 0.0819969939085671
9 0.6764967234637115 0.41010683067902914 0.1048387454100889 0.0819969939085671
9 0.3853121936154449 0.4966322599529143 0.10288529592680004 0.08393879985209014
9 0.5039547715480894 0.6497861017054849 0.10993184644351117 0.08614247904975969
9 0.3367664792080227 0.5390725628507208 0.10793184644351117 0.0860842849932826
9 0.41558773422391143 0.3141284124786855 0.1038387454100889 0.08196789688032868
9 0.5283811832812226 0.452442287886568 0.10693184644351118 0.08605518796504419
9 0.4684140058955336 0.3481153670102827 0.10179219489337789 0.0799097028238516
9 0.5407082910621339 0.5306367690900636 0.10690857118515577 0.0850551879650443
9 0.5135295460780225 0.308776903711311 0.10486202066844454 0.08299699390856721
9 0.5955112874754004 0.5635655295651837 0.10595512170186658 0.08702609093680576
9 0.5211937270504448 0.38010232154187984 0.10490857118515579 0.08499699390856721
9 0.1211604863814893 0.47629932689376325 0.1290249474769334 0.09069532258629147
9 0.23224320394966713 0.5411132023016457 0.11100167221857782 0.08917157607799822
9 0.4929996498462227 0.5660479749596316 0.10388529592680004 0.08396789688032869
9 0.22809066060642263 0.470185944872242 0.10595512170186674 0.08702609093680565
9 0.5474539354388005 0.605491283948871 0.11002494747693345 0.09014247904975968
9 0.5745432739804226 0.41507472755935776 0.10079219489337789 0.07988060579561307
9 0.7451035523995337 0.5201864268152872 0.11714132376871111 0.09534615824742923
9 0.47454327398042256 0.41798443038320937 0.10079219489337789 0.07988060579561307
9 0.724135538904556 0.37169562480946117 0.10993184644351117 0.08614247904975969
9 0.7000112874754004 0.5605248901142589 0.1089783969602222 0.08811338202152115
9 0.6544888483263338 0.6038779019273497 0.11816459902706675 0.09637525527566777
9 0.37861309975548924 0.4237777450941069 0.1028154701517334 0.08093879985209014
9 0.4387082910621338 0.5336046659703922 0.10693184644351118 0.0860551879650443
9 0.34011686224728943 0.618528917308363 0.1109551217018667 0.08717157607799822
9 0.3699256435247114 0.3514814242917765 0.10176891963502226 0.0789097028238516
9 0.48176564309873376 0.49182439672789746 0.1028387454100889 0.08193879985209014
9 0.6119713579321335 0.30341084642981714 0.10790857118515577 0.08508428499328272
9 0.6867190925820227 0.48385950593900173 0.10588529592680015 0.08402609093680564
9 0.4449539354388005 0.6084737293433189 0.11104822273528896 0.09117157607799845
9 0.732311357506156 0.44350649412591076 0.1099783969602222 0.08814247904975969
9 0.7906958173236671 0.4798334150021962 0.10893184644351141 0.08611338202152115
9 0.6180773507586671 0.37227990980274384 0.10681547015173327 0.08105518796504418
9 0.5837307302112005 0.4873564998475689 0.10286202066844453 0.08293879985209014
9 0.17939365701968932 0.5061262477700486 0.10588529592680004 0.08402609093680564
9 0.6293113575061559 0.44650348803447787 0.11195512170186657 0.08720067310623676
9 0.36320327440640027 0.2776269094329691 0.10279219489337789 0.07993879985209014
9 0.403377002734778 0.24093393127518994 0.1068387454100889 0.08205518796504419
9 0.22431010334222257 0.39374413892871907 0.10890857118515561 0.08511338202152115
9 0.4520507310631557 0.2039936283773834 0.10076891963502226 0.07888060579561307
9 0.2698790930080003 0.3523911271156281 0.10174564437666675 0.07790970282385161
9 0.557920694769845 0.6897439592088437 0.11923442480213339 0.0994043523039063