9 0.2947598882653852 0.5954396537202958 0.08800769494845759 0.07501370582714208
9 0.2851710941349532 0.6431704587889172 0.09418227711788871 0.08143326669880298
9 0.5654864725885521 0.5020996001928177 0.0879495008919805 0.07301370582714185
9 0.3565838030502376 0.6451702258428783 0.09212408306141162 0.07929341307491586
9 0.38589683707532424 0.4007225544788164 0.08697859792021904 0.0739437790151984
9 0.3177643974025344 0.4428626410487424 0.09000769494845759 0.07515355945102897
9 0.4332031972546246 0.5517294073923874 0.09106588900493466 0.07722348626297253
9 0.4448225914590115 0.4537433461655683 0.08797859792021905 0.07401370582714185
9 0.4180110604796414 0.6469707247774042 0.09624047117436567 0.0835731203226901
9 0.4884674149372836 0.6504005650194216 0.08915318008965005 0.08008363263908541
9 0.551067751490402 0.7096661005479757 0.09221137414612712 0.08229341307491586
9 0.3747337973285795 0.4972435791116072 0.09000769494845759 0.07515355945102897
9 0.35027143068807154 0.7026108113473302 0.09424047117436567 0.08343326669880298
9 0.36168714569478894 0.5976247501205112 0.09215318008965027 0.08029341307491586
9 0.7025185757082236 0.4098893538649092 0.08189130683550365 0.07059414495548083
9 0.6199528664231643 0.6590959407899932 0.09521137414612713 0.08250319351074654
9 0.6288991815038366 0.5035399527512306 0.08909498603317298 0.07808363263908541
9 0.5589252724406422 0.6024352954793544 0.09309498603317297 0.07836333988685942
9 0.26410051627299386 0.3991914834217081 0.082862209807265 0.06966407176742438
9 0.3061304546840283 0.5403487022755615 0.09306588900493466 0.07736333988685942
9 0.4270853060959541 0.5987049563028111 0.09006588900493466 0.07715355945102874
9 0.378793494430773 0.4481281765772966 0.08692040386374209 0.07194377901519829
9 0.4458095459906087 0.40191816319542706 0.082862209807265 0.06966407176742427
9 0.4831550425751175 0.707911077335817 0.09935685928731983 0.08778290075852055
9 0.5525110604796413 0.6563758809838063 0.09835685928731983 0.087712973946577
9 0.6175968485186404 0.7153162335422192 0.09535685928731982 0.08750319351074631
9 0.6233961754124037 0.6059455748497109 0.09018227711788859 0.08115355945102896
9 0.22824383670554949 0.6416846305081372 0.08597859792021904 0.07387385220325496
9 0.4381319577297447 0.4981839316700202 0.08689130683550354 0.0709437790151984
9 0.6925110604796414 0.6661656346558977 0.09335685928731982 0.08736333988685942
9 0.5676480092895804 0.45634434403462 0.08903679197669612 0.07608363263908541
9 0.6284704210287165 0.5574000991273437 0.09003679197669612 0.07615355945102897
9 0.6380913182788198 0.4078790744945528 0.0920949860331732 0.07829341307491586
9 0.4995883121873869 0.500984430604546 0.08703679197669613 0.0759437790151984
9 0.49054166055359627 0.6016453088612239 0.09212408306141162 0.07929341307491586
9 0.3127919913850566 0.4949081167711096 0.08592040386374197 0.07187385220325496
9 0.4966450031981475 0.5541697599508002 0.08394950089198062 0.07273399857936784
9 0.6385316211766263 0.4573091476826093 0.08592040386374197 0.07187385220325496
9 0.6929252724406422 0.6118054882797849 0.08806588900493444 0.07701370582714208
9 0.6949122269722394 0.560050232121587 0.09121137414612712 0.08222348626297253
9 0.32352777370239755 0.400852128732347 0.08180401575078804 0.06759414495548083
9 0.41318413960335604 0.7040162004997713 0.08906588900493466 0.07708363263908541
9 0.21122778514571378 0.6913909844871823 0.09121137414612725 0.08222348626297253
9 0.6876550425751174 0.7222111103782649 0.0892695682026042 0.08408363263908541
9 0.5047207518601767 0.4544389548821789 0.08589130683550354 0.07087385220325496
9 0.2392322942828631 0.5391636058753463 0.08589130683550354 0.07087385220325496
9 0.5073240945047279 0.4067186621299529 0.09003679197669612 0.07615355945102897
9 0.28074233365983303 0.6967508979172562 0.09206588900493466 0.07729341307491586
9 0.5696349638211775 0.40458908787642234 0.08489130683550365 0.07080392539131139
9 0.5614122269722394 0.5507150027271284 0.09515318008965028 0.08050319351074654
9 0.3690722606275513 0.5427540914280027 0.0849495008919805 0.07280392539131139
9 0.7019443300919108 0.4587495002410221 0.08809498603317298 0.07801370582714184
9 0.23584717935010072 0.5943139718156287 0.08703679197669613 0.07594377901519829
9 0.7055637242962978 0.360204024518655 0.09315318008965005 0.08036333988685943
9 0.5123983401210407 0.3581731864075857 0.08483311277902658 0.0688039253913114
9 0.640694660923371 0.36015878174232685 0.08589130683550365 0.07087385220325484
9 0.44852927674811394 0.35819787044320106 0.09103679197669612 0.07622348626297241
9 0.6959137300179559 0.5087250491514459 0.08697859792021927 0.07394377901519829
9 0.5757965005222059 0.3591135389659986 0.09003679197669612 0.07615355945102897
9 0.3846311163469488 0.3572225544788164 0.08383311277902647 0.06873399857936784
9 0.2468792824697721 0.4932929471828379 0.08803679197669612 0.07601370582714184
9 0.24939533402960778 0.44257265443061194 0.08086220980726501 0.06952421814353739
9 0.324145664861068 0.3534919823562341 0.0899495008919805 0.07315355945102897
9 0.26167476188930655 0.35012155660976463 0.083862209807265 0.06973399857936784