9 0.506784251855133 0.37651291738408793 0.10179219489337789 0.08574886635259237
9 0.7220007682084217 0.6228041676915542 0.1129783969602222 0.09471124165137758
9 0.5146055068710218 0.6001502700099249 0.10488529592680015 0.09001133234317013
9 0.8253977017643996 0.5501842670394355 0.1119551217018668 0.0936237529878515
9 0.4567863421283554 0.2644197625489769 0.09572236911831124 0.08222393437143682
9 0.7131549837702441 0.46471055939748007 0.10586202066844452 0.08909882100669608
9 0.45771233580684406 0.48294469453013245 0.10179219489337789 0.08574886635259237
9 0.3586454364142886 0.32647710651872525 0.09874564437666664 0.08348640036201459
9 0.3568241134975328 0.7060895271634068 0.1059783969602223 0.0940988210066962
9 0.45637651677926633 0.41118222853955466 0.1008154701517334 0.08666137768906651
9 0.6077842518551331 0.3853492724002062 0.10388529592680015 0.08992384367964427
9 0.5692775629808215 0.7266808681626655 0.11202494747693345 0.09662375298785172
9 0.30669693568586615 0.6641276053235845 0.10593184644351118 0.0920988210066962
9 0.2576512212784439 0.6187531721472883 0.10490857118515566 0.09101133234317013
9 0.4626395836492661 0.6371883481701027 0.1059551217018668 0.0930988210066962
9 0.4069251575691998 0.2971328180362066 0.09872236911831124 0.08248640036201459
9 0.21501533222011077 0.42714120496156993 0.09879219489337783 0.08548640036201459
9 0.6617123358068441 0.500792381889421 0.10586202066844452 0.08909882100669608
9 0.31203860747846635 0.4346276053235846 0.10176891963502226 0.08474886635259236
9 0.21182787598933295 0.4995099719662811 0.10188529592680004 0.08974886635259235
9 0.7734783290593551 0.5852223451996132 0.1129551217018668 0.09371124165137758
9 0.5157551238317551 0.6799127360005027 0.11004822273528907 0.0974487756607998
9 0.46131080364977717 0.8019070698289177 0.11004822273528896 0.09744877566079958
9 0.36016285890762173 0.6272207601586957 0.10490857118515555 0.09101133234317013
9 0.6113627888768662 0.5329616930448876 0.10593184644351118 0.0920988210066962
9 0.6605161683293996 0.4230299158988431 0.10386202066844454 0.08892384367964427
9 0.5054367951983776 0.30525045139351015 0.10179219489337789 0.08574886635259237
9 0.4093232773882438 0.7537701706620437 0.11207149799364446 0.09862375298785173
9 0.5561919869309997 0.3417561175650952 0.10279219489337789 0.08583635501611832
9 0.5080967956243552 0.4492753833746657 0.1038387454100889 0.08792384367964427
9 0.3622356110651996 0.47358952716340674 0.1018387454100889 0.08774886635259235
9 0.30878425185513303 0.35919016200595494 0.09674564437666675 0.08331142303496279
9 0.6217551238317551 0.6891865343342506 0.11202494747693345 0.09662375298785172
9 0.6130822316126662 0.6097679033672284 0.10688529592680016 0.09018630967022205
9 0.4635132419468885 0.5566008595065769 0.10386202066844454 0.08892384367964427
9 0.508827875989333 0.5254941050334805 0.10179219489337789 0.08574886635259237
9 0.41329296310179964 0.5186389376667547 0.1018387454100889 0.08774886635259235
9 0.4120705939834884 0.5926826819985176 0.10490857118515555 0.09101133234317013
9 0.6085967956243553 0.4580679940590211 0.10488529592680015 0.09001133234317013
9 0.6644434161718218 0.5771860808752877 0.1089551217018668 0.09336128699727396
9 0.7158977017643996 0.5406042583833467 0.10990857118515555 0.09144877566079981
9 0.5636395836492661 0.6460247031862212 0.1099783969602222 0.09444877566079982
9 0.3579114296667997 0.4010645951822512 0.10079219489337789 0.08566137768906651
9 0.5574114296667997 0.418518583555673 0.10279219489337789 0.08583635501611832
9 0.2604085032842885 0.5433406608108143 0.10588529592680015 0.0900988210066962
9 0.515823277388244 0.7630877133275545 0.11304822273528907 0.09771124165137758
9 0.2085822316126662 0.5743787389709921 0.10390857118515566 0.09092384367964405
9 0.4551337987851109 0.33541976254897693 0.10279219489337789 0.08583635501611832
9 0.40628425185513306 0.36772030669973255 0.1008154701517334 0.08666137768906651
9 0.2638765167792664 0.39434066081081426 0.09872236911831124 0.08248640036201459
9 0.5582239734360219 0.49123730521448783 0.1048387454100889 0.08801133234317013
9 0.7682472486943774 0.5086099245549318 0.10990857118515555 0.09144877566079981
9 0.6691628589076217 0.654254757188206 0.10893184644351117 0.09236128699727396
9 0.2622239734360219 0.4653406608108143 0.1028154701517334 0.08683635501611832
9 0.5605016043177107 0.5655872598685915 0.10381547015173329 0.08692384367964405
9 0.310593869241844 0.5828025826506364 0.10490857118515555 0.09101133234317013
9 0.4110967956243552 0.44078898301265107 0.1018154701517334 0.08674886635259235
9 0.4102202109442217 0.6721826819985177 0.1069783969602222 0.09418630967022204
9 0.463312475868355 0.7159070698289176 0.11202494747693345 0.09662375298785172
9 0.3128511512476885 0.5073463269823993 0.1028387454100889 0.08783635501611832
9 0.11233951361851072 0.4903048499454517 0.09881547015173339 0.08648640036201459
9 0.3614783290593551 0.5491770158269326 0.10588529592680004 0.0900988210066962
9 0.15986195276757734 0.536548050126459 0.1019085711851556 0.09074886635259236
9 0.16322397343602185 0.4566792831217479 0.09881547015173339 0.08648640036201459