8 0.022780384 0.6267160079999999 0.731175602 0.8608633059999999 0.983943895 0.3599812 0.34330666000000004 0.14999536900000002 0.022780384 0.6267160079999999
10 0.12259971 0.6038751069999999 0.687705895 0.786123777 0.898614471 0.380499261 0.37712204200000005 0.21037998 0.12259971 0.6038751069999999
9 0.19343923200000002 0.495132115 0.262668764 0.516857122 0.293258558 0.470993219 0.224147695 0.447087654 0.19343923200000002 0.495132115
9 0.293258558 0.46737238400000003 0.323848351 0.41909459099999996 0.25622880800000003 0.39495569399999997 0.22736820700000002 0.443464577 0.293258558 0.46737238400000003
9 0.254618819 0.39736958299999997 0.323848351 0.417887646 0.35121816699999997 0.37202374200000005 0.28694769000000003 0.35167996900000004 0.254618819 0.39736958299999997
9 0.357658123 0.37081679700000003 0.38663792799999996 0.323745949 0.31901838400000004 0.30322788700000003 0.288557946 0.34684919999999997 0.357658123 0.37081679700000003
9 0.38663792799999996 0.32253900399999996 0.414007743 0.2766751 0.349608177 0.253743148 0.319152815 0.30337228 0.38663792799999996 0.32253900399999996
9 0.38341794900000004 0.20908618899999998 0.35121816699999997 0.252536203 0.41254768 0.275595359 0.442987547 0.22839730700000002 0.38341794900000004 0.20908618899999998
9 0.259448786 0.5180640670000001 0.331898297 0.540996019 0.36409808 0.49271822600000004 0.29338871499999997 0.47003380600000005 0.259448786 0.5180640670000001
9 0.32545834100000004 0.417887646 0.298088525 0.46737238400000003 0.359268112 0.491511281 0.391614348 0.4398415 0.32545834100000004 0.417887646
9 0.320628373 0.417887646 0.391467895 0.440819598 0.422057688 0.39495569399999997 0.35618871 0.373418429 0.320628373 0.417887646
9 0.454257471 0.34909179 0.385027938 0.32253900399999996 0.35443814500000004 0.37081679700000003 0.422209218 0.392741504 0.454257471 0.34909179
9 0.45103749299999996 0.344264011 0.480017297 0.29840010699999997 0.412397754 0.275468156 0.383563067 0.320279971 0.45103749299999996 0.344264011
9 0.441377558 0.227190362 0.414007743 0.274261211 0.480017297 0.29840010699999997 0.507552801 0.251441515 0.441377558 0.227190362
9 0.328678319 0.539789074 0.298088525 0.5965154810000001 0.367318058 0.617033543 0.398055373 0.5654414910000001 0.328678319 0.539789074
9 0.330288308 0.5422029639999999 0.40112783 0.56634186 0.428497645 0.5156501769999999 0.359409222 0.49418765000000003 0.330288308 0.5422029639999999
9 0.460697428 0.462544605 0.396297862 0.440819598 0.36409808 0.49271822600000004 0.431870755 0.5147184180000001 0.460697428 0.462544605
9 0.391467895 0.440819598 0.457477449 0.466165439 0.489677232 0.416680701 0.42542973 0.395156888 0.391467895 0.440819598
9 0.454257471 0.346677901 0.42366767800000005 0.39736958299999997 0.48661946899999997 0.416895349 0.517047047 0.365989018 0.454257471 0.346677901
9 0.5186570359999999 0.36840290800000003 0.546026852 0.321332059 0.480017297 0.29719316300000004 0.45280408699999997 0.34684919999999997 0.5186570359999999 0.36840290800000003
9 0.507387112 0.252536203 0.48484726499999997 0.29840010699999997 0.5508568189999999 0.318918169 0.575183565 0.271972283 0.507387112 0.252536203
9 0.40112783 0.5639279709999999 0.365708069 0.617033543 0.43815758 0.6411724400000001 0.470357362 0.586859923 0.40112783 0.5639279709999999
9 0.402737819 0.56634186 0.470357362 0.588066867 0.5009471560000001 0.537375184 0.433327612 0.5144432329999999 0.402737819 0.56634186
9 0.460697428 0.46375155 0.43493760099999995 0.512029343 0.499337167 0.534961295 0.52526562 0.485733805 0.460697428 0.46375155
9 0.462307417 0.466165439 0.531536949 0.48547655700000003 0.555686786 0.438405708 0.48661946899999997 0.418103041 0.462307417 0.466165439
9 0.5186570359999999 0.367195963 0.48806724300000004 0.414266811 0.552466808 0.438405708 0.579836623 0.39012791399999996 0.5186570359999999 0.367195963
9 0.583056602 0.38892097000000003 0.615256384 0.343057066 0.546026852 0.32253900399999996 0.518824595 0.36979535199999997 0.583056602 0.38892097000000003
9 0.576616645 0.274261211 0.5508568189999999 0.32253900399999996 0.615256384 0.339436232 0.639593816 0.296126127 0.576616645 0.274261211
9 0.43815758 0.6411724400000001 0.405957797 0.694278013 0.478407308 0.717209964 0.507552801 0.664472252 0.43815758 0.6411724400000001
9 0.470357362 0.588066867 0.441377558 0.6411724400000001 0.508997102 0.6628974470000001 0.536537414 0.608918411 0.470357362 0.588066867
9 0.470357362 0.586859923 0.5363669169999999 0.607377985 0.56695671 0.559100191 0.49950151899999995 0.53766457 0.470357362 0.586859923
9 0.525096993 0.483062667 0.499337167 0.534961295 0.5687425389999999 0.5594030299999999 0.599156493 0.507201564 0.525096993 0.483062667
9 0.531536949 0.484269612 0.5927165360000001 0.505994619 0.6216963409999999 0.46133766000000004 0.5574707449999999 0.4398415 0.531536949 0.484269612
9 0.554076797 0.43599181800000003 0.6200863520000001 0.46133766000000004 0.647645097 0.41085688800000003 0.5814466119999999 0.38892097000000003 0.554076797 0.43599181800000003
9 0.649066156 0.409439032 0.6780459600000001 0.363575128 0.613646395 0.341850121 0.586455359 0.39032612 0.649066156 0.409439032
9 0.64101621 0.29840010699999997 0.613646395 0.339436232 0.676629711 0.366172276 0.703805787 0.317711225 0.64101621 0.29840010699999997
9 0.508997102 0.6628974470000001 0.47518732999999996 0.7196238540000001 0.547636841 0.7425558059999999 0.575183565 0.689833789 0.508997102 0.6628974470000001
9 0.507387112 0.665311337 0.575006656 0.685829399 0.605778434 0.634279947 0.541196884 0.609791874 0.507387112 0.665311337
9 0.539586895 0.609791874 0.60398646 0.632723826 0.632966265 0.580825198 0.563911771 0.5594030299999999 0.539586895 0.609791874
9 0.5927165360000001 0.505994619 0.56695671 0.554272412 0.632966265 0.580825198 0.662137404 0.5316261090000001 0.5927165360000001 0.505994619
9 0.5943265259999999 0.504787674 0.666776036 0.527719626 0.6844859169999999 0.48185572200000004 0.621880997 0.462787652 0.5943265259999999 0.504787674
9 0.6216963409999999 0.46133766000000004 0.686095906 0.48064877699999997 0.716886118 0.432595347 0.649066156 0.410645977 0.6216963409999999 0.46133766000000004
9 0.7182956890000001 0.431164039 0.744055515 0.38892097000000003 0.67965595 0.36478207300000004 0.654086123 0.409649195 0.7182956890000001 0.431164039
9 0.705415776 0.31650427999999997 0.681265939 0.363575128 0.742445526 0.38650707999999995 0.768414319 0.33597996999999996 0.705415776 0.31650427999999997
9 0.575006656 0.687036344 0.542806873 0.7413488610000001 0.618476363 0.761866923 0.647645097 0.711572249 0.575006656 0.687036344
9 0.605596449 0.6339307710000001 0.578226634 0.688243288 0.6474561670000001 0.7123821850000001 0.673409198 0.658433791 0.605596449 0.6339307710000001
9 0.607206439 0.632723826 0.6780459600000001 0.6556557780000001 0.703805787 0.6037571500000001 0.633152791 0.5811414899999999 0.607206439 0.632723826
9 0.661946069 0.5301335149999999 0.637796232 0.580825198 0.703805787 0.602550205 0.728157912 0.553364569 0.661946069 0.5301335149999999
9 0.66033608 0.526512681 0.731175602 0.554272412 0.760155406 0.5035807290000001 0.686291248 0.482110728 0.66033608 0.526512681
9 0.7859152319999999 0.456509881 0.7166857 0.433577929 0.6909258730000001 0.48185572200000004 0.757142525 0.503849188 0.7859152319999999 0.456509881
9 0.784305243 0.45409599100000003 0.8116750580000001 0.409439032 0.744055515 0.387714025 0.718496374 0.43621842400000005 0.784305243 0.45409599100000003
9 0.768205352 0.337022342 0.744055515 0.385300135 0.8116750580000001 0.405818197 0.836045083 0.360133815 0.768205352 0.337022342
9 0.674825982 0.654448833 0.645846178 0.7123821850000001 0.7166857 0.732900247 0.745870731 0.677756867 0.674825982 0.654448833
9 0.705415776 0.607377985 0.6780459600000001 0.658069668 0.744260475 0.680172251 0.769815341 0.626689102 0.705415776 0.607377985
9 0.732785591 0.550651578 0.705415776 0.602550205 0.773035319 0.626689102 0.802229701 0.571479952 0.732785591 0.550651578
9 0.756935428 0.502373784 0.729565613 0.553065467 0.799009188 0.5738953360000001 0.822944982 0.5253057360000001 0.756935428 0.502373784
9 0.784305243 0.455302936 0.756935428 0.504787674 0.8231630320000001 0.5255876479999999 0.8519247870000001 0.475820998 0.784305243 0.455302936
9 0.850314798 0.47461405300000004 0.8792946020000001 0.427543205 0.810065069 0.407025142 0.782906625 0.456749191 0.850314798 0.47461405300000004
9 0.90183445 0.381679301 0.834214906 0.359954294 0.8132850469999999 0.407025142 0.873080977 0.42897227 0.90183445 0.381679301
9 0.228858993 0.5711696399999999 0.261058775 0.520477957 0.19182924299999998 0.49875295 0.158127187 0.549741492 0.228858993 0.5711696399999999
9 0.22724900299999998 0.5711696399999999 0.293258558 0.5928946469999999 0.330424609 0.5437030310000001 0.262668764 0.520477957 0.22724900299999998 0.5711696399999999
9 0.22724900299999998 0.5699626950000001 0.153189503 0.5482376880000001 0.12109129199999999 0.6016722569999999 0.188609264 0.626689102 0.22724900299999998 0.5699626950000001
9 0.22724900299999998 0.5711696399999999 0.19182924299999998 0.626689102 0.264278753 0.6484141090000001 0.294998971 0.5932184119999999 0.22724900299999998 0.5711696399999999
9 0.29969851399999997 0.594101592 0.261058775 0.6496210539999999 0.336728264 0.670139116 0.370681016 0.6185799479999999 0.29969851399999997 0.594101592
9 0.37053803599999996 0.619447433 0.336728264 0.6749668950000001 0.405957797 0.696691902 0.439922037 0.642733793 0.37053803599999996 0.619447433
9 0.6474561670000001 0.7135891299999999 0.615256384 0.766694703 0.686095906 0.790833599 0.712055349 0.733310709 0.6474561670000001 0.7135891299999999