9 0.6605 0.5985 0.0925 0.073
9 0.4655 0.7555 0.097 0.079
9 0.42 0.7145 0.1005 0.079
9 0.182 0.5355 0.0905 0.068
9 0.42 0.4935 0.0935 0.07
9 0.465 0.599 0.0925 0.072
9 0.275 0.603 0.092 0.071
9 0.509 0.423 0.091 0.0695
9 0.4195 0.8005 0.103 0.0955
9 0.4625 0.4565 0.0885 0.066
9 0.7095 0.561 0.0965 0.076
9 0.465 0.6735 0.095 0.0755
9 0.3725 0.6015 0.0915 0.071
9 0.2765 0.533 0.0905 0.0675
9 0.3715 0.675 0.0945 0.075
9 0.231 0.4965 0.0935 0.0715
9 0.374 0.392 0.087 0.0645
9 0.607 0.4895 0.095 0.071
9 0.611 0.561 0.096 0.074
9 0.419 0.356 0.092 0.0675
9 0.279 0.4595 0.0895 0.0665
9 0.374 0.5305 0.0885 0.069
9 0.1785 0.6055 0.0925 0.0705
9 0.4205 0.4245 0.092 0.0695
9 0.326 0.4275 0.094 0.0695
9 0.512 0.491 0.0955 0.07
9 0.56 0.5275 0.0915 0.0695
9 0.321 0.7155 0.099 0.078
9 0.4645 0.5285 0.09 0.0675
9 0.6575 0.525 0.0925 0.069
9 0.5585 0.4545 0.088 0.065
9 0.5635 0.6735 0.0955 0.0745
9 0.462 0.389 0.087 0.0655
9 0.2295 0.4275 0.098 0.0725
9 0.6155 0.636 0.1035 0.0805
9 0.2715 0.6765 0.094 0.0735
9 0.3255 0.565 0.0945 0.073
9 0.228 0.567 0.0945 0.073
9 0.3255 0.4955 0.0945 0.07
9 0.4215 0.639 0.0965 0.076
9 0.5615 0.5995 0.0945 0.0715
9 0.3235 0.6405 0.098 0.075
9 0.3735 0.4585 0.088 0.0665
9 0.517 0.716 0.1045 0.0835
9 0.5085 0.3535 0.0905 0.0695
9 0.369 0.757 0.096 0.078
9 0.46 0.3225 0.085 0.0645
9 0.1385 0.4985 0.096 0.0745
9 0.514 0.6355 0.098 0.076
9 0.279 0.393 0.091 0.066
9 0.514 0.561 0.099 0.074
9 0.1875 0.463 0.0885 0.0685
9 0.652 0.4525 0.0905 0.0675
9 0.4235 0.5645 0.0915 0.0735
9 0.604 0.423 0.0935 0.0685
9 0.226 0.646 0.095 0.0765
9 0.7555 0.5215 0.099 0.068
9 0.554 0.3875 0.0855 0.064
9 0.3225 0.3565 0.0985 0.0685
9 0.3715 0.3245 0.0885 0.066
9 0.4185 0.2915 0.0965 0.0745
9 0.7035 0.488 0.097 0.073
9 0.132 0.5715 0.094 0.0745
9 0.0875 0.539 0.095 0.068