9 0.3125 0.6555 0.075 0.0595
9 0.167 0.612 0.0745 0.052
9 0.169 0.6675 0.08 0.061
9 0.4565 0.698 0.074 0.056
9 0.3845 0.6495 0.0715 0.055
9 0.164 0.5595 0.075 0.0545
9 0.234 0.505 0.0725 0.055
9 0.1625 0.5085 0.072 0.0495
9 0.2295 0.455 0.0695 0.049
9 0.365 0.4465 0.0685 0.048
9 0.242 0.6605 0.0735 0.0565
9 0.3 0.5 0.071 0.05
9 0.161 0.4595 0.0735 0.052
9 0.667 0.681 0.0775 0.06
9 0.6215 0.4305 0.0675 0.0455
9 0.2965 0.451 0.073 0.052
9 0.446 0.5915 0.071 0.054
9 0.3085 0.6025 0.0715 0.054
9 0.5705 0.532 0.0705 0.0525
9 0.372 0.4955 0.0715 0.053
9 0.226 0.4105 0.0705 0.052
9 0.356 0.3995 0.0725 0.0505
9 0.2925 0.403 0.0665 0.047
9 0.506 0.5355 0.07 0.049
9 0.494 0.4385 0.0685 0.0475
9 0.5965 0.6855 0.076 0.0545
9 0.578 0.578 0.07 0.0515
9 0.6355 0.523 0.0705 0.0505
9 0.483 0.389 0.0685 0.0495
9 0.246 0.715 0.0765 0.058
9 0.44 0.5405 0.0695 0.0525
9 0.5515 0.3865 0.069 0.048
9 0.4995 0.4865 0.0735 0.053
9 0.423 0.392 0.068 0.0465
9 0.1535 0.367 0.079 0.051
9 0.518 0.639 0.0745 0.055
9 0.4295 0.4425 0.071 0.05
9 0.2385 0.6035 0.073 0.0575
9 0.3875 0.7045 0.0745 0.0595
9 0.2355 0.555 0.073 0.051
9 0.1595 0.411 0.0705 0.048
9 0.449 0.645 0.0715 0.059
9 0.5635 0.4815 0.0695 0.0485
9 0.554 0.434 0.0695 0.0495
9 0.319 0.7085 0.074 0.055
9 0.3085 0.5505 0.071 0.054
9 0.611 0.3795 0.0675 0.0495
9 0.3735 0.5945 0.0705 0.0565
9 0.3695 0.546 0.07 0.0515
9 0.5105 0.5865 0.0755 0.0565
9 0.171 0.7205 0.076 0.0555
9 0.5825 0.6355 0.076 0.0575
9 0.628 0.4775 0.0725 0.0535
9 0.436 0.492 0.068 0.0475
9 0.6565 0.6265 0.071 0.054
9 0.5245 0.6905 0.0745 0.059
9 0.4205 0.35 0.069 0.047
9 0.6475 0.5745 0.0735 0.055
9 0.352 0.3535 0.068 0.046
9 0.484 0.3455 0.066 0.044
9 0.5455 0.3405 0.07 0.0485
9 0.6105 0.336 0.067 0.047
9 0.224 0.363 0.0695 0.0455
9 0.2895 0.361 0.0675 0.0485