8 0.079261053 0.8623681790000001 0.9154130229999999 0.692528911 0.8331012130000001 0.15580207999999998 0.063197794 0.222053757 0.079261053 0.8623681790000001
10 0.773797467 0.206626753 0.15213547 0.263941639 0.170193599 0.782570938 0.8375165029999999 0.653656807 0.773797467 0.206626753
9 0.238594709 0.315297672 0.237460816 0.25718861299999995 0.155076985 0.263456826 0.15298341099999999 0.320797255 0.238594709 0.315297672
9 0.324364102 0.248045203 0.23586296999999998 0.256280085 0.238562935 0.316346099 0.326860616 0.306937051 0.324364102 0.248045203
9 0.40524327499999996 0.241999175 0.324319829 0.249129353 0.326701437 0.304678734 0.412201372 0.299098419 0.40524327499999996 0.241999175
9 0.48835299600000004 0.291454409 0.41082334200000004 0.299401237 0.41330349 0.358255905 0.495448553 0.34860021599999996 0.48835299600000004 0.291454409
9 0.484524299 0.235043957 0.40822191700000005 0.242640509 0.410683115 0.299319049 0.488432586 0.292583566 0.484524299 0.235043957
9 0.55765165 0.227841546 0.48285528499999997 0.235217128 0.488114229 0.288066933 0.562906774 0.282901869 0.55765165 0.227841546
9 0.6369326750000001 0.220886327 0.557488651 0.227793747 0.567381957 0.281110822 0.6361014730000001 0.276828275 0.6369326750000001 0.220886327
9 0.651572079 0.387511788 0.723046461 0.376162716 0.718791532 0.318425966 0.644317342 0.328107663 0.651572079 0.387511788
9 0.713452998 0.264447002 0.642353465 0.276028673 0.6446356980000001 0.33262429600000004 0.720628145 0.322721969 0.713452998 0.264447002
9 0.7040656279999999 0.215696437 0.6367563780000001 0.220837634 0.642094912 0.274816598 0.705861712 0.26555015 0.7040656279999999 0.215696437
9 0.775315724 0.206406123 0.703639282 0.212259085 0.7136917660000001 0.267834477 0.782092925 0.259035298 0.775315724 0.206406123
9 0.814472805 0.479052535 0.804233428 0.418012031 0.734341725 0.430238636 0.742955541 0.48716381599999997 0.814472805 0.479052535
9 0.734461649 0.42929254 0.805699812 0.41986903999999997 0.795965685 0.368810282 0.727484936 0.376480302 0.734461649 0.42929254
9 0.727484936 0.376480302 0.796014534 0.36670059 0.787431459 0.313014262 0.719109888 0.322942599 0.727484936 0.376480302
9 0.7906733840000001 0.3126881 0.782092925 0.259035298 0.7136917660000001 0.267834477 0.717352864 0.319775754 0.7906733840000001 0.3126881
9 0.575500044 0.396284958 0.6531950430000001 0.386313367 0.644317342 0.328107663 0.57152059 0.33982704799999996 0.575500044 0.396284958
9 0.639058398 0.275257858 0.567707605 0.28345175 0.566886228 0.33935977900000003 0.644396931 0.32923682200000004 0.639058398 0.275257858
9 0.499428008 0.405058127 0.575591804 0.395307635 0.572800079 0.336218944 0.49249163 0.350170634 0.499428008 0.405058127
9 0.567381957 0.281110822 0.493061746 0.290874828 0.49385070799999997 0.347691688 0.573198025 0.341864734 0.567381957 0.281110822
9 0.410683115 0.299319049 0.330023807 0.306577122 0.327883145 0.364965377 0.413223901 0.357126747 0.410683115 0.299319049
9 0.32997671900000003 0.30762494900000004 0.238594709 0.315297672 0.242781156 0.376191483 0.33107883800000004 0.366782435 0.32997671900000003 0.30762494900000004
9 0.240081192 0.316125469 0.154837795 0.32404474800000005 0.160556503 0.384718014 0.24286074500000002 0.37732064200000004 0.240081192 0.316125469
9 0.15752398 0.449211728 0.24108552800000002 0.43917770300000003 0.241422078 0.37867042900000003 0.157679167 0.387417589 0.15752398 0.449211728
9 0.24556071 0.437386655 0.335428456 0.426783341 0.329560581 0.367003064 0.241262899 0.376412113 0.24556071 0.437386655
9 0.335376648 0.427756977 0.418946455 0.414646693 0.414582981 0.35464780100000004 0.33091965900000003 0.364524118 0.335376648 0.427756977
9 0.41896037999999997 0.416751501 0.496549694 0.405652425 0.495289376 0.346341901 0.414821748 0.358035276 0.41896037999999997 0.416751501
9 0.721332318 0.376233663 0.6531950430000001 0.386313367 0.658110513 0.43675349 0.7296277760000001 0.428642209 0.721332318 0.376233663
9 0.589788955 0.509670425 0.667201862 0.500453617 0.658588047 0.44352843799999997 0.584034269 0.452080978 0.589788955 0.509670425
9 0.662328735 0.496598874 0.657097324 0.441676379 0.584113858 0.453210136 0.583458952 0.509200777 0.662328735 0.496598874
9 0.653090336 0.387291159 0.577269591 0.397346682 0.582516013 0.45230160799999997 0.658110513 0.43675349 0.653090336 0.387291159
9 0.5754204549999999 0.395155799 0.49958671299999996 0.405211092 0.506443977 0.461074777 0.5793999089999999 0.45161370799999995 0.5754204549999999 0.395155799
9 0.496471084 0.406628544 0.417507585 0.415997216 0.42597635 0.472768152 0.501968795 0.462865824 0.496471084 0.406628544
9 0.417362534 0.41584297299999995 0.338465474 0.426342007 0.336399177 0.485785305 0.42158075500000003 0.475688357 0.417362534 0.41584297299999995
9 0.33521747 0.42549866 0.25167154199999997 0.435530415 0.246662829 0.496544142 0.33631958900000003 0.484656147 0.33521747 0.42549866
9 0.244042453 0.437607285 0.15744434100000002 0.44808187 0.161640428 0.508899406 0.246662829 0.496544142 0.244042453 0.437607285
9 0.161808312 0.575287899 0.252876841 0.562943846 0.251535955 0.500398884 0.161799607 0.511157722 0.161808312 0.575287899
9 0.163167545 0.572807518 0.251278995 0.562035316 0.249778931 0.49723204 0.16331786399999998 0.510937092 0.163167545 0.572807518
9 0.256035513 0.562736445 0.34397226999999997 0.549706063 0.340715182 0.481735941 0.249699343 0.496102883 0.256035513 0.562736445
9 0.254235921 0.560464899 0.342351615 0.546768892 0.336399177 0.485785305 0.251376778 0.49814056799999995 0.254235921 0.560464899
9 0.347066419 0.548366608 0.42579897699999997 0.535533741 0.424617269 0.475247098 0.33631958900000003 0.484656147 0.347066419 0.548366608
9 0.34525175999999996 0.5460979579999999 0.427388123 0.5344115779999999 0.422939834 0.473209412 0.339356103 0.48421488799999995 0.34525175999999996 0.5460979579999999
9 0.430425141 0.533970246 0.510662198 0.520920162 0.506443977 0.461074777 0.42597635 0.472768152 0.430425141 0.533970246
9 0.425719388 0.534404584 0.510746845 0.520015216 0.49893228 0.463307084 0.424617269 0.475247098 0.425719388 0.534404584
9 0.510826484 0.521145073 0.588252491 0.511926362 0.5839546800000001 0.450951819 0.505084898 0.463553723 0.510826484 0.521145073
9 0.586734234 0.5121469919999999 0.5827700180000001 0.45361888699999997 0.505084898 0.463553723 0.510662198 0.520920162 0.586734234 0.5121469919999999
9 0.667312555 0.49954629899999997 0.746151234 0.488980873 0.731305212 0.430679895 0.658428869 0.44127012200000004 0.667312555 0.49954629899999997
9 0.7399986159999999 0.488734233 0.731583906 0.431993587 0.658667637 0.444657598 0.665444838 0.49728677299999996 0.7399986159999999 0.488734233
9 0.165068106 0.64330001 0.255895163 0.627526493 0.254156331 0.5593357409999999 0.161781414 0.5761816280000001 0.165068106 0.64330001
9 0.26044993299999997 0.626864604 0.345531771 0.613651146 0.340696988 0.546759847 0.255674589 0.559115111 0.26044993299999997 0.626864604
9 0.351386185 0.611368504 0.431927511 0.5988134509999999 0.42587856599999996 0.5366629 0.34229483499999996 0.547668375 0.351386185 0.611368504
9 0.43640858400000004 0.59901324 0.515365871 0.585546946 0.5093827089999999 0.524528265 0.425719388 0.534404584 0.43640858400000004 0.59901324
9 0.595528297 0.569332201 0.585136388 0.5112384640000001 0.510741788 0.522049319 0.516637446 0.583932391 0.595528297 0.569332201
9 0.671533389 0.559428741 0.662567502 0.499986349 0.586654645 0.511017834 0.593988969 0.5715511169999999 0.671533389 0.559428741
9 0.672858753 0.558949214 0.7470145850000001 0.544750884 0.741516873 0.48851360299999996 0.665604016 0.499545089 0.672858753 0.558949214
9 0.8182134919999999 0.532122972 0.810052408 0.47880366500000004 0.741516873 0.48851360299999996 0.748612431 0.545659412 0.8182134919999999 0.532122972
9 0.832001381 0.594322839 0.819890927 0.534160658 0.745655506 0.547229831 0.757465013 0.605972065 0.832001381 0.594322839
9 0.747173763 0.547009201 0.6730518990000001 0.559208075 0.681790923 0.620391026 0.755946756 0.606192695 0.747173763 0.547009201
9 0.6667857229999999 0.559831733 0.597206083 0.571371249 0.603000731 0.6341220879999999 0.677236152 0.621052915 0.6667857229999999 0.559831733
9 0.593988969 0.5715511169999999 0.515286232 0.5844170870000001 0.524290127 0.648982307 0.6045189870000001 0.6339014580000001 0.593988969 0.5715511169999999
9 0.515278365 0.586411338 0.431847872 0.5976835939999999 0.437829058 0.662687359 0.521333201 0.650552725 0.515278365 0.586411338
9 0.431694635 0.597416814 0.342335475 0.611832764 0.350088501 0.6800005149999999 0.437829058 0.662687359 0.431694635 0.597416814
9 0.34834966900000003 0.611809764 0.254421226 0.626891125 0.259152251 0.695496613 0.350247679 0.682258831 0.34834966900000003 0.611809764
9 0.251260802 0.627059222 0.166506976 0.641949486 0.168375179 0.713251029 0.25939101899999994 0.698884088 0.251260802 0.627059222
9 0.170308098 0.782934471 0.262727695 0.767983368 0.259152251 0.695496613 0.166777333 0.712342501 0.170308098 0.782934471
9 0.351971718 0.74854551 0.348649833 0.681350302 0.259311429 0.69775493 0.262568517 0.765725052 0.351971718 0.74854551
9 0.439726691 0.731227434 0.437908647 0.663816517 0.350088501 0.6800005149999999 0.35638210400000003 0.747529377 0.439726691 0.731227434
9 0.530359405 0.71120831 0.5256492060000001 0.646503361 0.43639039100000004 0.664037147 0.445800097 0.732253907 0.530359405 0.71120831
9 0.6091626 0.697473947 0.601562062 0.6354718749999999 0.521094434 0.64716525 0.53050414 0.715382011 0.6091626 0.697473947
9 0.687845758 0.684532414 0.678833998 0.621961443 0.601641651 0.636601034 0.612012491 0.696693057 0.687845758 0.684532414
9 0.756314842 0.608745727 0.6787544090000001 0.620832286 0.689364016 0.684311784 0.76344026 0.668984295 0.756314842 0.608745727
9 0.83903476 0.653436177 0.8289643630000001 0.594764171 0.75770378 0.60935954 0.766397184 0.667413877 0.83903476 0.653436177