9 0.2125 0.526 0.0655 0.047
9 0.4415 0.3215 0.066 0.047
9 0.205 0.39 0.0645 0.0515
9 0.33 0.4245 0.066 0.0475
9 0.265 0.385 0.065 0.0465
9 0.2845 0.616 0.0685 0.0535
9 0.5755 0.3975 0.07 0.0485
9 0.4015 0.5085 0.071 0.0525
9 0.5695 0.3515 0.0705 0.049
9 0.342 0.5635 0.0715 0.0545
9 0.3385 0.515 0.0675 0.0495
9 0.2875 0.672 0.0695 0.0545
9 0.632 0.345 0.0675 0.048
9 0.273 0.473 0.066 0.048
9 0.386 0.3735 0.0665 0.046
9 0.2185 0.6245 0.0635 0.051
9 0.391 0.4195 0.0675 0.0505
9 0.5415 0.5935 0.0715 0.0565
9 0.521 0.4505 0.068 0.048
9 0.531 0.4975 0.069 0.053
9 0.3515 0.666 0.0715 0.058
9 0.4475 0.3645 0.0655 0.0485
9 0.452 0.4095 0.0665 0.0485
9 0.2815 0.57 0.0675 0.05
9 0.579 0.4455 0.0705 0.0515
9 0.2775 0.5205 0.0675 0.053
9 0.4865 0.6545 0.0745 0.058
9 0.6505 0.4395 0.069 0.0485
9 0.332 0.4685 0.067 0.051
9 0.326 0.3755 0.066 0.0465
9 0.534 0.547 0.071 0.05
9 0.2645 0.43 0.0655 0.0485
9 0.5165 0.4075 0.07 0.0505
9 0.2 0.3445 0.066 0.046
9 0.6175 0.6425 0.0795 0.058
9 0.5085 0.358 0.0665 0.046
9 0.5875 0.489 0.0705 0.05
9 0.5515 0.6475 0.0735 0.054
9 0.4635 0.503 0.0685 0.0485
9 0.5635 0.3095 0.0675 0.0465
9 0.459 0.4565 0.069 0.051
9 0.2095 0.4775 0.0645 0.0495
9 0.348 0.61 0.068 0.053
9 0.22 0.677 0.068 0.0575
9 0.666 0.5345 0.071 0.0495
9 0.4135 0.604 0.073 0.0555
9 0.421 0.658 0.0705 0.0525
9 0.48 0.601 0.069 0.053
9 0.4075 0.5575 0.0705 0.0505
9 0.393 0.4625 0.066 0.0485
9 0.602 0.588 0.0745 0.054
9 0.3775 0.328 0.068 0.0495
9 0.47 0.552 0.072 0.051
9 0.687 0.635 0.0745 0.055
9 0.503 0.3155 0.07 0.053
9 0.6255 0.3005 0.069 0.05
9 0.206 0.434 0.0645 0.047
9 0.643 0.3915 0.0695 0.0525
9 0.321 0.334 0.0655 0.0465
9 0.5965 0.542 0.0715 0.053
9 0.6575 0.486 0.0755 0.0535
9 0.673 0.583 0.07 0.054
9 0.215 0.5745 0.067 0.0525
9 0.262 0.3405 0.068 0.0485