9 0.7695 0.55 0.105 0.077
9 0.5015 0.285 0.0955 0.072
9 0.6435 0.199 0.093 0.069
9 0.364 0.3725 0.094 0.0685
9 0.543 0.6605 0.1025 0.079
9 0.71 0.6285 0.1035 0.078
9 0.422 0.552 0.102 0.078
9 0.523 0.341 0.093 0.0695
9 0.372 0.691 0.098 0.078
9 0.343 0.3185 0.099 0.0725
9 0.25 0.276 0.095 0.076
9 0.5225 0.593 0.105 0.079
9 0.6215 0.648 0.11 0.0825
9 0.7445 0.489 0.1085 0.0785
9 0.6825 0.5645 0.103 0.078
9 0.4585 0.6775 0.104 0.084
9 0.697 0.3665 0.1025 0.074
9 0.7955 0.6145 0.114 0.0835
9 0.5595 0.4565 0.0925 0.07
9 0.5785 0.2695 0.0945 0.0705
9 0.2685 0.33 0.0895 0.0685
9 0.425 0.298 0.0905 0.0675
9 0.6425 0.4435 0.1025 0.074
9 0.439 0.612 0.096 0.074
9 0.6195 0.384 0.093 0.0695
9 0.7355 0.2355 0.088 0.0675
9 0.2885 0.7125 0.098 0.0865
9 0.3 0.445 0.093 0.0685
9 0.4085 0.243 0.0955 0.074
9 0.4815 0.2275 0.093 0.069
9 0.6785 0.3085 0.0965 0.07
9 0.3205 0.5085 0.102 0.076
9 0.4005 0.49 0.093 0.0695
9 0.7225 0.429 0.098 0.0725
9 0.3545 0.631 0.098 0.079
9 0.3295 0.2575 0.0925 0.0685
9 0.46 0.4175 0.0905 0.0675
9 0.2375 0.517 0.0925 0.07
9 0.5415 0.4035 0.098 0.0725
9 0.598 0.5785 0.1015 0.075
9 0.2685 0.646 0.0935 0.075
9 0.377 0.4325 0.0985 0.0735
9 0.4395 0.357 0.095 0.0725
9 0.478 0.4715 0.099 0.073
9 0.223 0.4605 0.0915 0.074
9 0.883 0.5995 0.108 0.078
9 0.663 0.507 0.0995 0.073
9 0.562 0.2145 0.095 0.0725
9 0.6 0.326 0.0935 0.0715
9 0.19 0.3465 0.087 0.072
9 0.5 0.534 0.094 0.0735
9 0.576 0.5225 0.1025 0.0745
9 0.3385 0.5645 0.0925 0.0715
9 0.208 0.4015 0.0875 0.068
9 0.853 0.536 0.102 0.0805
9 0.659 0.2505 0.099 0.071
9 0.829 0.47 0.1025 0.074
9 0.2525 0.5795 0.0965 0.0775
9 0.1745 0.292 0.1015 0.068
9 0.2835 0.383 0.0905 0.064
9 0.78 0.35 0.095 0.069
9 0.7975 0.415 0.094 0.074
9 0.7585 0.293 0.094 0.071
9 0.7155 0.1795 0.093 0.0725