9 0.825 0.495 0.115 0.082
9 0.549 0.6705 0.101 0.0805
9 0.351 0.578 0.0975 0.0735
9 0.444 0.664 0.0995 0.078
9 0.674 0.3765 0.0945 0.069
9 0.481 0.3685 0.093 0.068
9 0.554 0.5925 0.097 0.075
9 0.5805 0.301 0.0915 0.0675
9 0.4365 0.749 0.105 0.0925
9 0.657 0.6 0.1005 0.0765
9 0.3415 0.6585 0.0985 0.0785
9 0.568 0.4435 0.0935 0.0695
9 0.7285 0.4175 0.1045 0.074
9 0.7695 0.452 0.0965 0.073
9 0.3645 0.5045 0.095 0.0715
9 0.4695 0.4385 0.0935 0.0695
9 0.5415 0.267 0.099 0.0685
9 0.4185 0.4695 0.098 0.071
9 0.6685 0.4485 0.096 0.0705
9 0.3015 0.6155 0.1055 0.0795
9 0.276 0.428 0.0955 0.0695
9 0.3205 0.465 0.0985 0.073
9 0.4535 0.585 0.097 0.0745
9 0.562 0.5145 0.095 0.071
9 0.627 0.3375 0.0985 0.0725
9 0.6095 0.5555 0.1015 0.0765
9 0.6035 0.6335 0.1055 0.0835
9 0.3295 0.395 0.0985 0.0715
9 0.384 0.3635 0.0925 0.068
9 0.308 0.5405 0.103 0.076
9 0.5235 0.4045 0.0965 0.073
9 0.715 0.5645 0.109 0.084
9 0.2075 0.5385 0.1065 0.0755
9 0.1645 0.495 0.096 0.0715
9 0.265 0.4995 0.098 0.0735
9 0.574 0.3735 0.0955 0.069
9 0.5145 0.4785 0.0985 0.073
9 0.4945 0.227 0.092 0.07
9 0.4365 0.331 0.0955 0.0695
9 0.663 0.5205 0.0985 0.0715
9 0.5335 0.334 0.095 0.071
9 0.111 0.457 0.1195 0.0745
9 0.488 0.296 0.0915 0.0685
9 0.384 0.7005 0.1085 0.084
9 0.767 0.5295 0.1025 0.0745
9 0.401 0.625 0.105 0.078
9 0.5025 0.6255 0.104 0.079
9 0.3375 0.3245 0.098 0.0705
9 0.614 0.483 0.1015 0.074
9 0.374 0.434 0.0945 0.069
9 0.718 0.4875 0.1065 0.076
9 0.4275 0.399 0.099 0.0725
9 0.46 0.5095 0.096 0.069
9 0.2315 0.3865 0.0965 0.0745
9 0.253 0.5745 0.099 0.0735
9 0.4965 0.7085 0.1135 0.084
9 0.51 0.55 0.0995 0.076
9 0.622 0.412 0.0985 0.0725
9 0.2245 0.461 0.0995 0.0715
9 0.408 0.5465 0.101 0.076
9 0.1765 0.4225 0.095 0.071
9 0.2915 0.356 0.0915 0.0685
9 0.391 0.2915 0.0935 0.0675
9 0.445 0.259 0.095 0.0705