9 0.3195 0.298 0.101 0.073
9 0.6195 0.682 0.1065 0.085
9 0.376 0.6455 0.0995 0.078
9 0.4415 0.344 0.0995 0.074
9 0.4665 0.4205 0.1 0.0755
9 0.5275 0.5705 0.1065 0.08
9 0.227 0.507 0.0985 0.074
9 0.391 0.518 0.105 0.0765
9 0.58 0.741 0.115 0.0995
9 0.268 0.46 0.1025 0.0785
9 0.252 0.5825 0.1 0.0755
9 0.2835 0.341 0.094 0.0695
9 0.423 0.5895 0.106 0.0795
9 0.3685 0.44 0.101 0.0745
9 0.342 0.3675 0.1 0.073
9 0.661 0.6305 0.114 0.09
9 0.1625 0.4815 0.106 0.079
9 0.486 0.62 0.1035 0.0795
9 0.3795 0.321 0.095 0.0695
9 0.4945 0.49 0.1015 0.0755
9 0.353 0.5635 0.0975 0.073
9 0.296 0.5375 0.1045 0.079
9 0.6645 0.499 0.101 0.0765
9 0.404 0.391 0.096 0.0705
9 0.2055 0.4335 0.0975 0.073
9 0.734 0.529 0.113 0.082
9 0.3025 0.414 0.0955 0.0705
9 0.599 0.47 0.1055 0.079
9 0.504 0.372 0.096 0.071
9 0.4505 0.2275 0.091 0.066
9 0.2415 0.3835 0.1045 0.0735
9 0.4555 0.5425 0.0985 0.074
9 0.315 0.6155 0.1045 0.0835
9 0.3295 0.485 0.0955 0.0705
9 0.551 0.6515 0.1065 0.0845
9 0.5685 0.399 0.1015 0.0745
9 0.7375 0.3995 0.1025 0.072
9 0.6975 0.5755 0.1045 0.0795
9 0.6325 0.4245 0.099 0.072
9 0.443 0.6705 0.1105 0.083
9 0.4325 0.465 0.096 0.07
9 0.533 0.444 0.096 0.072
9 0.5405 0.324 0.096 0.0735
9 0.386 0.2025 0.1015 0.075
9 0.5905 0.6005 0.1025 0.079
9 0.5175 0.7005 0.104 0.0815
9 0.559 0.519 0.097 0.073
9 0.702 0.4495 0.1055 0.078
9 0.6055 0.3485 0.096 0.0705
9 0.7065 0.328 0.0975 0.07
9 0.4795 0.297 0.0955 0.0695
9 0.4185 0.2735 0.0975 0.074
9 0.7735 0.3505 0.0995 0.074
9 0.77 0.478 0.102 0.0765
9 0.625 0.549 0.1075 0.081
9 0.672 0.371 0.103 0.0745
9 0.845 0.3785 0.106 0.0735
9 0.81 0.4285 0.108 0.0805
9 0.185 0.5575 0.104 0.0795
9 0.118 0.53 0.111 0.075
9 0.639 0.3005 0.098 0.0725
9 0.353 0.2505 0.0945 0.068
9 0.574 0.2775 0.092 0.0675
9 0.5135 0.2545 0.097 0.0715