8 0.993866355 0.8542833900000001 0.911115591 0.174476748 0.061000281999999996 0.17199151000000001 0.085538797 0.841923029 0.993866355 0.8542833900000001
10 0.846315355 0.23997349099999998 0.139394993 0.236316818 0.159971486 0.776413121 0.907127171 0.787537445 0.846315355 0.23997349099999998
0 0.9248778919999999 0.7133752839999999 0.933679934 0.787930245 0.984138697 0.785065373 0.97582445 0.7133752839999999 0.9248778919999999 0.7133752839999999
1 0.9267748229999999 0.71372216 0.977582901 0.714611319 0.969153639 0.641685195 0.913391783 0.642921231 0.9267748229999999 0.71372216
2 0.957897559 0.573703215 0.90708027 0.572726799 0.9118633599999999 0.6441572670000001 0.9678552429999999 0.645393303 0.957897559 0.573703215
3 0.9498133390000001 0.504485198 0.89922196 0.505939524 0.906835986 0.572467178 0.9596560110000001 0.57493925 0.9498133390000001 0.504485198
4 0.941844132 0.436503216 0.893007359 0.43915224799999997 0.895694921 0.5057212329999999 0.948054887 0.5032491610000001 0.941844132 0.436503216
5 0.934104955 0.370993308 0.8850339629999999 0.371128171 0.890897575 0.436503217 0.940660752 0.44144736 0.934104955 0.370993308
6 0.927894201 0.304247364 0.875416858 0.303104094 0.881514959 0.370993308 0.932461518 0.370993308 0.927894201 0.304247364
7 0.916753134 0.237501419 0.8693173420000001 0.237553619 0.876832629 0.30301132799999997 0.9261357490000001 0.303011329 0.916753134 0.237501419
7 0.117927567 0.23626538300000002 0.06707175 0.236316818 0.06439950600000001 0.29683114699999996 0.11874795299999999 0.298067184 0.117927567 0.23626538300000002
6 0.119208009 0.30301132799999997 0.07164264099999999 0.303104094 0.067553414 0.366049165 0.121901861 0.36728520099999995 0.119208009 0.30301132799999997
5 0.120373437 0.368521237 0.072811026 0.36865456799999996 0.07506256500000001 0.42908700099999997 0.12425067 0.42785096499999997 0.120373437 0.368521237
4 0.12576114200000002 0.497068982 0.124704252 0.43173144 0.072005718 0.431559073 0.076343007 0.495832946 0.12576114200000002 0.497068982
3 0.127156598 0.565050963 0.124344012 0.498518716 0.07328615999999999 0.49830501800000004 0.07785347799999999 0.565050963 0.127156598 0.565050963
2 0.127271612 0.566286998 0.07643126700000001 0.566542794 0.07936394799999999 0.6342689800000001 0.13195394200000002 0.6342689800000001 0.127271612 0.566286998
1 0.13042552000000002 0.635505015 0.081462498 0.638277275 0.08274788300000001 0.705959067 0.13380945500000002 0.707195103 0.13042552000000002 0.635505015
0 0.138721814 0.7776491569999999 0.137103485 0.706301352 0.082517855 0.703486996 0.084258354 0.7751770840000001 0.138721814 0.7776491569999999
9 0.18428888396087065 0.2684016100441054 0.08961108878313893 0.06500318617629022
9 0.26967239722593067 0.26938733583564983 0.09313527909036884 0.07410794848476553
9 0.36335205870484577 0.26716988816787407 0.09678581888554891 0.06824763156273252
9 0.4493520587048458 0.2701730743441644 0.08684406225301894 0.06889842386781504
9 0.5329734768162908 0.26660641898147125 0.098727575518079 0.06731747310171601
9 0.6218569900813509 0.2677143674662367 0.09166933215060907 0.06607302771527383
9 0.7169680788644899 0.33290961787473167 0.09519352245783876 0.07517779002374902
9 0.714711381662676 0.2684619990289693 0.09961108878313894 0.06535239387120782
9 0.8045366515602659 0.26860486828322655 0.09184406225301882 0.06907302771527384
9 0.8118224704458149 0.3337270909764477 0.10007703572289893 0.07335239387120783
9 0.6282301740181049 0.33430166938996614 0.09184406225301882 0.06907302771527384
9 0.5390213908554546 0.3361762605204547 0.09001879235542902 0.07200318617629023
9 0.45255051253918976 0.33365561395941845 0.08790230562048897 0.06993334463730684
9 0.3641669992741297 0.33256512585939885 0.09313527909036884 0.07410794848476553
9 0.2753417293765396 0.33245717737463326 0.09284406225301893 0.06910794848476554
9 0.18751645947894957 0.3323841496593595 0.08484406225301894 0.06882858232883154
9 0.19241876509943848 0.3994190704288512 0.08872757551807893 0.06696826540679854
9 0.28118579162955853 0.39852701891361675 0.09890230562048885 0.07031747310171613
9 0.37056930489461853 0.39965242778312826 0.08996054898795887 0.07100318617629023
9 0.4569528181596786 0.4006730743441644 0.09890230562048885 0.07031747310171602
9 0.5456616013223287 0.39878102282892997 0.09884406225301882 0.06931747310171613
9 0.6356324796385936 0.4014238920831872 0.10001879235542901 0.07235239387120783
9 0.7254286278524487 0.4010667613374445 0.10178581888554891 0.06842223541019121
9 0.8187538977500387 0.40133185328492293 0.09884406225301882 0.06931747310171602
9 0.1951754623012524 0.4638841496593595 0.0889023056204889 0.06996826540679854
9 0.2865007321988425 0.4640794000678544 0.09990230562048885 0.07035239387120783
9 0.3753551237801675 0.46468734855261995 0.09678581888554891 0.06824763156273252
9 0.4651803936777576 0.4648302178068773 0.0937858188855489 0.06814286925425722
9 0.5506803936777576 0.46781594359842166 0.09472757551807899 0.06717779002374914
9 0.6405056635753477 0.467958812852679 0.10201879235542902 0.0724222354101912
9 0.7327144467379976 0.46618898403066567 0.09890230562048873 0.07031747310171613
9 0.8246270816867928 0.4679016948239064 0.09884406225301882 0.06931747310171602
9 0.8306749957259566 0.53747153636289 0.09296054898795887 0.07110794848476552
9 0.7382623607771616 0.5357413651849033 0.09672757551807899 0.06724763156273252
9 0.6455244559307765 0.5369937336221707 0.09207703572289892 0.07307302771527384
9 0.5531118209819814 0.535263562444184 0.09207703572289892 0.07307302771527384
9 0.4676700643494514 0.5332778366526396 0.09513527909036884 0.07417779002374913
9 0.37796128118680133 0.5351349673983824 0.09713527909036884 0.07424763156273252
9 0.28860688960547626 0.5345095585288709 0.09207703572289881 0.07307302771527384
9 0.19716513297294624 0.532314308120376 0.1000187923554289 0.07235239387120783
9 0.20027129037958008 0.6027793873508842 0.09313527909036884 0.07410794848476553
9 0.2916839253283751 0.6044746377593793 0.09525176582530878 0.07617779002374891
9 0.38395095185849515 0.6037048089373659 0.09525176582530878 0.07617779002374891
9 0.4718635868072902 0.6052778366526396 0.09413527909036884 0.07414286925425723
9 0.5590723699699403 0.6033334039831675 0.09425176582530889 0.07614286925425721
9 0.6536014916536753 0.6071334167001378 0.09925176582530866 0.07631747310171613
9 0.7483976398675304 0.6069508898018537 0.10425176582530866 0.07649207694917459
9 0.8403102748163254 0.6086636005950945 0.10025176582530866 0.07635239387120782
9 0.20281920441874393 0.6722270061966467 0.1021935224578388 0.0754222354101912
9 0.29520271768380396 0.6734571773746334 0.09531000919277881 0.07717779002374892
9 0.388527987581394 0.6737222693221118 0.09531000919277881 0.07717779002374892
9 0.47926589242777906 0.6724000593458607 0.09525176582530878 0.07617779002374891
9 0.5671785273765741 0.6739730870611345 0.09854298266265869 0.08128255233222444
9 0.6611202840091042 0.6762556393933589 0.1016012260301286 0.08238731464069951
9 0.7540620406416342 0.6785032709560914 0.10231000919277858 0.0774222354101912
9 0.8469164322229592 0.679250902518824 0.10454298266265868 0.08149207694917458
9 0.20592536182537777 0.7426920854271548 0.09501879235542884 0.07217779002374891
9 0.2992506317229678 0.7429571773746333 0.09707703572289893 0.07324763156273252
9 0.3920759016205579 0.7432048089373658 0.09525176582530878 0.07617779002374891
9 0.48360502330429284 0.7469000593458608 0.10025176582530879 0.07635239387120782
9 0.5738429281506778 0.745560388984864 0.10007703572289893 0.07335239387120783
9 0.6643138064669428 0.748220718623867 0.10025176582530866 0.07635239387120782
9 0.762051711313328 0.7471429540340583 0.10536825256024872 0.0785269977186665
9 0.858080832997063 0.750995347905266 0.10348473929518877 0.0804571561796829