9 0.18239475064664595 0.38682595612987014 0.12158841090846778 0.09658908982572985
9 0.5436025568781732 0.6972682775211454 0.12271059636296536 0.10363566557427749
9 0.7884307963603291 0.446670916132756 0.11750113558382667 0.09140278683153884
9 0.30463798597181424 0.30907385118422315 0.12055350077861135 0.09454251407718209
9 0.38749302467140456 0.5549176549232249 0.1216582311681807 0.10058908982572984
9 0.5696940173999715 0.35727785356761743 0.11048368051889838 0.09007675659170457
9 0.5229696322054503 0.3179203380008139 0.11448368051889839 0.09026305958589557
9 0.6068421259699689 0.564717565991268 0.12262332103832432 0.09863566557427748
9 0.2950431186985357 0.3900861844182484 0.11858841090846772 0.09644936258008659
9 0.3710814355798724 0.6467560183970843 0.122675686233109 0.10163566557427749
9 0.48390548986487114 0.7460861103082842 0.13798987740181679 0.12033430180249388
9 0.6656886966189874 0.6105161725754985 0.12264077610325239 0.09963566557427748
9 0.3452762314255209 0.4297806848651348 0.11353604571368305 0.09321648383734782
9 0.5809710272711696 0.20062579308794898 0.10941386025918563 0.08603018084315688
9 0.4273843685665704 0.6901710643526843 0.1196582311681807 0.10049593832863433
9 0.45343332700987493 0.4337505040219779 0.11253604571368306 0.09316990808880019
9 0.6275656350625557 0.3185531722775742 0.11653604571368305 0.09335621108299108
9 0.7839057493467635 0.5314503706240425 0.1216407761032524 0.09958908982572984
9 0.7346627735034875 0.4051394308057867 0.12262332103832432 0.0986356655742776
9 0.2442314581793737 0.3459149718456358 0.1114836805188985 0.09012333234025231
9 0.23460168077623877 0.42492730507966103 0.11250113558382668 0.09116990808880007
9 0.6225144054515976 0.40185591464313447 0.12158841090846773 0.09658908982572985
9 0.4373134127230308 0.5996354432443852 0.11962332103832421 0.09849593832863457
9 0.728559178697745 0.4854887489198948 0.12464077610325239 0.0997288170713731
9 0.6677224711650172 0.5263531574555814 0.11960586597339602 0.09749593832863433
9 0.4615456493480816 0.35380803441077435 0.11148368051889838 0.09012333234025231
9 0.5757714296083217 0.2754285354535093 0.11146622545397031 0.08912333234025231
9 0.35238855376372763 0.3498847910024789 0.1104836805188985 0.09007675659170468
9 0.6798511129843253 0.3611545212273651 0.11250113558382668 0.09116990808880018
9 0.44638209739891693 0.5171463978846339 0.11353604571368305 0.09321648383734782
9 0.33478609454181174 0.5168395938477077 0.11351859064875498 0.09221648383734782
9 0.49171234856683405 0.6486436406970806 0.12974550649282174 0.10596169581411187
9 0.7372140031144454 0.3219531278115957 0.11855350077861158 0.09444936258008658
9 0.4966675753206867 0.5598408983315203 0.12162332103832432 0.09858908982572984
9 0.5495054184372411 0.6054189594070374 0.1206407761032524 0.0995425140771822
9 0.5621166051916211 0.4391970353045472 0.11244877038904201 0.08816990808880018
9 0.5128660373997078 0.398455959109113 0.11655350077861135 0.09435621108299119
9 0.3615968789590395 0.27539574564272756 0.1104836805188985 0.09007675659170468
9 0.4027089418153539 0.3945792914493654 0.11657095584353964 0.09535621108299108
9 0.5560566480481991 0.5220463534186554 0.11353604571368305 0.09321648383734782
9 0.8482511844119554 0.49092294696843886 0.13272805142789365 0.105101423059755
9 0.5285557719462647 0.23659430776097967 0.11348368051889839 0.09021648383734789
9 0.32171740986592556 0.5995149422016502 0.12058841090846772 0.0965425140771822
9 0.17731733843829567 0.46862869849543054 0.11758841090846778 0.09640278683153883
9 0.4738139316868155 0.1966093981825581 0.11248368051889861 0.09016990808880013
9 0.22411154389252957 0.511986214062234 0.11346622545397025 0.08921648383734783
9 0.6114457207757116 0.48443811149998134 0.11958841090846772 0.09649593832863433
9 0.4153387192184888 0.3154272309696969 0.1164836805188985 0.09035621108299108
9 0.12446204025681301 0.4220506374199134 0.11853604571368313 0.09344936258008658
9 0.9070704368797549 0.4491516899298478 0.12657095584353964 0.0958219685684686
9 0.4686405166213601 0.27291214054811846 0.1114662254539702 0.08912333234025231
9 0.6757475181785828 0.4414106878443777 0.11551859064875498 0.09230963533444334
9 0.27385338415197885 0.5522040023833943 0.12472805142789355 0.10472881707137321
9 0.4188986763619108 0.23269435222695814 0.12055350077861135 0.09454251407718209
9 0.6029305368784367 0.6559737326082804 0.1298153267525345 0.10996169581411186
9 0.7250341316841793 0.5702216276626335 0.130675686233109 0.1020082715626595
9 0.528124456622151 0.1545477320124319 0.12369314129803706 0.10268224132282534
9 0.7914994810362153 0.3644613252642911 0.11451859064875498 0.09226305958589569
9 0.2884918890875779 0.4734587904066303 0.11657095584353953 0.0953562110829912
9 0.6829285251926756 0.2794449303589003 0.10843131532411371 0.08698360509460917
9 0.3955704368797549 0.47297518531202126 0.11958841090846772 0.09649593832863433
9 0.5077973527238216 0.48075870147467337 0.11857095584353965 0.09544936258008659
9 0.8533547792176979 0.41062020460287846 0.12358841090846773 0.09668224132282535
9 0.6332477776604752 0.24272714203773993 0.11155350077861136 0.09412333234025237