8 0.975681652 0.27640592500000005 0.312476383 0.157550729 0.058306896000000004 0.6745555369999999 0.7919176149999999 0.80791581 0.975681652 0.27640592500000005
10 0.8938176640000001 0.30861948899999997 0.354062971 0.21267507 0.154227318 0.638022502 0.738843058 0.739912028 0.8938176640000001 0.30861948899999997
9 0.305696999 0.482588003 0.233984349 0.468524892 0.209949815 0.520407185 0.281489093 0.532293117 0.305696999 0.482588003
9 0.258834295 0.41240126 0.236693866 0.464486405 0.30521374100000004 0.479000221 0.329099473 0.42690325100000004 0.258834295 0.41240126
9 0.34995374700000004 0.376450616 0.283515623 0.365242721 0.25756019500000005 0.41501731799999997 0.328938387 0.42570732299999997 0.34995374700000004 0.376450616
9 0.308846379 0.312766826 0.284467417 0.360231808 0.356177751 0.374357874 0.378628298 0.323681035 0.308846379 0.312766826
9 0.332571025 0.259473929 0.30899893500000003 0.312891181 0.378467212 0.322485108 0.399482572 0.273228401 0.332571025 0.259473929
9 0.39789084 0.27236184100000005 0.421772032 0.221355635 0.360132562 0.210516334 0.334006212 0.258053797 0.39789084 0.27236184100000005
9 0.37883255000000005 0.494249732 0.30569799799999997 0.481619223 0.278457634 0.533937453 0.353350545 0.546570905 0.37883255000000005 0.494249732
9 0.373882645 0.49372641599999995 0.399057141 0.438023823 0.33053466 0.42548311899999997 0.31000255800000004 0.47832761 0.373882645 0.49372641599999995
9 0.423250384 0.389308273 0.355068087 0.377140384 0.325745841 0.426155731 0.399042479 0.439013388 0.423250384 0.389308273
9 0.352985206 0.374806281 0.423105103 0.387093192 0.449054562 0.33937895300000004 0.376870939 0.322709312 0.352985206 0.374806281
9 0.397725214 0.272256677 0.37511704300000004 0.320674895 0.445217672 0.335043652 0.467829304 0.285562741 0.397725214 0.272256677
9 0.467829304 0.285562741 0.488862838 0.235198264 0.42001467400000003 0.22038391100000002 0.39916039999999997 0.270836546 0.467829304 0.285562741
9 0.398616976 0.616981852 0.422206632 0.561580334 0.349996913 0.545823385 0.32723878300000003 0.6062918469999999 0.398616976 0.616981852
9 0.44574409600000003 0.508004203 0.374379758 0.496358704 0.351915358 0.547991036 0.425373082 0.562044619 0.44574409600000003 0.508004203
9 0.37883255000000005 0.494249732 0.448964111 0.506611216 0.47058175799999996 0.45089932 0.40383129700000003 0.438340777 0.37883255000000005 0.494249732
9 0.49319339 0.401418409 0.42662055 0.389038046 0.399042479 0.439013388 0.46787247000000004 0.454935509 0.49319339 0.401418409
9 0.490190326 0.402056915 0.513564405 0.347377992 0.44873239000000004 0.3369871 0.42516883 0.39147592200000003 0.490190326 0.402056915
9 0.467668218 0.284366813 0.447314251 0.33735923 0.5154828499999999 0.34954564299999996 0.536337125 0.299093008 0.467668218 0.284366813
9 0.54080377 0.29602854100000003 0.558657579 0.2461235 0.48884466400000004 0.23630603300000003 0.472618123 0.284890129 0.54080377 0.29602854100000003
9 0.472074699 0.631035436 0.496751274 0.572734626 0.42505091 0.559652765 0.39702070300000003 0.617206055 0.472074699 0.631035436
9 0.520475921 0.519441728 0.450371828 0.5061356650000001 0.426969354 0.561820416 0.49691236 0.573930552 0.520475921 0.519441728
9 0.5185574759999999 0.517274077 0.537694829 0.464885208 0.470742844 0.452095247 0.45164592800000003 0.503519606 0.5185574759999999 0.517274077
9 0.561540123 0.413752749 0.490351513 0.403253582 0.472661289 0.454262898 0.5438783939999999 0.463756976 0.561540123 0.413752749
9 0.558347578 0.414201156 0.579040765 0.362552593 0.5153217640000001 0.348349715 0.491274945 0.399250757 0.558347578 0.414201156
9 0.536498211 0.30028893599999995 0.515834826 0.350902043 0.582072225 0.36090826 0.607876403 0.31097894000000004 0.536498211 0.30028893599999995
9 0.607393144 0.307391158 0.625742801 0.261087221 0.560383943 0.248191967 0.5412870289999999 0.299616325 0.607393144 0.307391158
9 0.522129949 0.700773771 0.543988438 0.6444587239999999 0.472074699 0.631035436 0.447237038 0.68814032 0.522129949 0.700773771
9 0.545210251 0.6426971640000001 0.5653115599999999 0.5853756600000001 0.49691236 0.573930552 0.475267244 0.630587028 0.545210251 0.6426971640000001
9 0.5888226529999999 0.531776068 0.519081223 0.519929788 0.496751274 0.572734626 0.564936921 0.5838730379999999 0.5888226529999999 0.531776068
9 0.590633687 0.531827452 0.613821401 0.475867113 0.537171132 0.462261936 0.5185574759999999 0.517274077 0.590633687 0.531827452
9 0.630047943 0.427283017 0.5635005129999999 0.414927004 0.543717308 0.462561049 0.607275223 0.475568 0.630047943 0.427283017
9 0.649038155 0.373649479 0.580475952 0.36113246299999996 0.559621678 0.411585097 0.62845167 0.427507221 0.649038155 0.373649479
9 0.6061190430000001 0.310007217 0.5856295659999999 0.361827279 0.650257871 0.372046672 0.672869503 0.32256576000000003 0.6061190430000001 0.310007217
9 0.671811952 0.32533642500000004 0.692288592 0.273533257 0.6274565750000001 0.263142365 0.605796871 0.307615362 0.671811952 0.32533642500000004
9 0.5941524859999999 0.716247486 0.614427922 0.660170633 0.545210251 0.6426971640000001 0.5192595750000001 0.703614034 0.5941524859999999 0.716247486
9 0.637347581 0.600863326 0.570047911 0.5855922809999999 0.54393615 0.645313224 0.61371807 0.656227433 0.637347581 0.600863326
9 0.657169387 0.544110408 0.585844075 0.532500175 0.568451639 0.585816484 0.635363185 0.599570956 0.657169387 0.544110408
9 0.657169387 0.544110408 0.67952559 0.491298111 0.607275223 0.475568 0.588178309 0.526992358 0.657169387 0.544110408
9 0.6950410440000001 0.43886983700000004 0.6304245509999999 0.428694058 0.608710411 0.474147869 0.68360332 0.486781321 0.6950410440000001 0.43886983700000004
9 0.720590619 0.38554714100000004 0.650418957 0.373242599 0.630047943 0.427283017 0.696476231 0.437449705 0.720590619 0.38554714100000004
9 0.6746268639999999 0.323537485 0.65526312 0.37155584700000005 0.72179715 0.38393260500000004 0.741699496 0.338487884 0.6746268639999999 0.323537485
9 0.739781052 0.336320232 0.758784945 0.28263799 0.6937237780000001 0.27211312600000004 0.67606205 0.322117353 0.739781052 0.336320232
9 0.666965865 0.72551736 0.68917346 0.671619814 0.613879156 0.65742336 0.589202581 0.71572417 0.666965865 0.72551736
9 0.689094238 0.672448667 0.7076258790000001 0.615378565 0.637120543 0.600542681 0.6172327870000001 0.658170879 0.689094238 0.672448667
9 0.7304660249999999 0.556968064 0.657396538 0.544397838 0.63855573 0.5991225490000001 0.711852368 0.6119802049999999 0.7304660249999999 0.556968064
9 0.730304938 0.555772137 0.7478849780000001 0.503644256 0.679136675 0.489845787 0.661958205 0.5434377970000001 0.730304938 0.555772137
9 0.772965414 0.449858954 0.696865029 0.438871108 0.677057143 0.486482209 0.7509981259999999 0.504123575 0.772965414 0.449858954
9 0.7014261350000001 0.437973021 0.7700140310000001 0.45054453 0.7922234140000001 0.399630524 0.72052305 0.386548664 0.7014261350000001 0.437973021
9 0.74153841 0.337291955 0.722670715 0.388912904 0.79030497 0.397462872 0.811481416 0.34940209299999997 0.74153841 0.337291955
9 0.810998156 0.34581430999999996 0.829063243 0.297153229 0.7587168799999999 0.28369994600000004 0.741216238 0.334900101 0.810998156 0.34581430999999996
9 0.7604724310000001 0.683138672 0.782049047 0.624434411 0.708498736 0.6112326849999999 0.687497966 0.67267287 0.7604724310000001 0.683138672
9 0.780774881 0.6270519870000001 0.798973843 0.570498332 0.732545556 0.560331644 0.71217454 0.61437206 0.780774881 0.6270519870000001
9 0.802166389 0.5700499250000001 0.823743498 0.511279192 0.75211114 0.5003115890000001 0.7319012109999999 0.5555479329999999 0.802166389 0.5700499250000001
9 0.820872793 0.51412101 0.8381196 0.462641702 0.7696117819999999 0.449111434 0.749240767 0.503151851 0.820872793 0.51412101
9 0.8383734190000001 0.462890675 0.8602479749999999 0.409573009 0.790466056 0.3986588 0.769933954 0.451503289 0.8383734190000001 0.462890675
9 0.80956297 0.347234441 0.789272379 0.40028662200000004 0.8584906170000001 0.408601284 0.8809411629999999 0.357924447 0.80956297 0.347234441
9 0.812755516 0.346786033 0.8749712070000001 0.360205763 0.897167705 0.309340351 0.827224698 0.29723021499999996 0.812755516 0.346786033
9 0.20883680100000002 0.5242191709999999 0.182227114 0.579435553 0.255216247 0.590818132 0.280376079 0.536105104 0.20883680100000002 0.5242191709999999
9 0.352250705 0.549458429 0.281972352 0.5358809 0.253619973 0.591042336 0.32196670699999996 0.603376677 0.352250705 0.549458429
9 0.152437745 0.6360498189999999 0.222719394 0.6514358889999999 0.253458886 0.589846409 0.17713078999999998 0.578633087 0.152437745 0.6360498189999999
9 0.300643762 0.6624250070000001 0.323735503 0.6034551189999999 0.253619973 0.591042336 0.22591193999999998 0.650987481 0.300643762 0.6624250070000001
9 0.375375587 0.673862532 0.402157675 0.618045822 0.328512883 0.603675789 0.297612304 0.664069341 0.375375587 0.673862532
9 0.44755921 0.6905321740000001 0.474032511 0.632336821 0.40213169299999996 0.6189253 0.376019931 0.678646241 0.44755921 0.6905321740000001
9 0.737875387 0.7448030609999999 0.755936311 0.6841902 0.689255325 0.673644595 0.6644176639999999 0.730749478 0.737875387 0.7448030609999999