9 0.6646144107353666 0.8246098939870433 0.11827444501481614 0.0992297701344753
9 0.7770239330700566 0.37939401070376677 0.10398626204344259 0.08185150876737453
9 0.1464147769496066 0.5344265957664833 0.0938347111056338 0.07956053848498937
9 0.7630910681391531 0.43761758893550085 0.10528936391905973 0.08588060579561306
9 0.6088142612289646 0.6616312960668242 0.11059246579467709 0.09002609093680576
9 0.09597327161889505 0.6512190690945848 0.09706203751234682 0.08264782956970498
9 0.5637259287511888 0.5160018624854673 0.1020620375123467 0.08279331471089744
9 0.7144968309229466 0.6226137414612721 0.10936513938796406 0.08699699390856722
9 0.6809944690275743 0.753929961297667 0.11374401673248576 0.09211338202152115
9 0.3678607893632247 0.5944879756342686 0.09813781298125115 0.08367692659794353
9 0.42574261907696165 0.42579734190500174 0.09375893563672946 0.07856053848498937
9 0.6250502280354856 0.5994659118915672 0.10621358845015538 0.0849097028238516
9 0.3115439495310498 0.5176839598834806 0.09360738469892078 0.07656053848498937
9 0.40218390769983525 0.743311890419121 0.10674401673248576 0.09190970282385161
9 0.4082265192250319 0.4784045320237818 0.09475893563672946 0.07858963551322791
9 0.5258297706070513 0.6391725971806697 0.10536513938796406 0.08688060579561306
9 0.21319040291210894 0.3740123838054824 0.08738005829220777 0.07338595631555836
9 0.17134409903745182 0.6749595402689506 0.10036513938796418 0.08673512065442036
9 0.6975714254441648 0.68726457712241 0.1128197922013901 0.09308428499328283
9 0.23979424476797134 0.49905987682206887 0.09353160923001644 0.07556053848498936
9 0.5989779954096396 0.40127293373378803 0.09998626204344259 0.0817351206544206
9 0.4863652964461312 0.7698142348476333 0.11097134313919878 0.09502609093680575
9 0.7475066522704408 0.49779752162487717 0.10721358845015538 0.08493879985209014
9 0.21758870624378074 0.5540361303137756 0.09798626204344248 0.08167692659794352
9 0.290800523272407 0.5732038589175451 0.09706203751234682 0.08264782956970498
9 0.5760087974579748 0.7969766129314576 0.1201986695459118 0.09828796419095215
9 0.32323730481237406 0.7204695796459205 0.1035924657946772 0.089822411739136
9 0.6161835339338302 0.3461511951008887 0.09883471110563391 0.07970602362618207
9 0.7308843486672763 0.558448357286015 0.10928936391905972 0.08599699390856722
9 0.4461754840078653 0.367762894356818 0.09168316016782513 0.0775023444285124
9 0.30172142166828236 0.3365001797198754 0.08838005829220777 0.0734150533437969
9 0.5911994170779219 0.7287675832138427 0.1138197922013901 0.09311338202152138
9 0.12001979975315516 0.5917864611452359 0.09275893563672946 0.07853144145675083
9 0.46430524706315157 0.31367025275215726 0.09138005829220776 0.07350234442851229
9 0.643437745779815 0.5353587217727871 0.10613781298125105 0.0839097028238516
9 0.5455278496791199 0.5776090526042473 0.1030620375123467 0.08282241173913599
9 0.24494225286272162 0.6956418173868392 0.10036513938796418 0.08673512065442036
9 0.6608327229762665 0.47773698313988777 0.10621358845015538 0.0849097028238516
9 0.5368580537018475 0.3283088843276881 0.093683160167825 0.07756053848498937
9 0.3519171388449789 0.40811506478711307 0.09160738469892078 0.07650234442851228
9 0.581045130478736 0.45938012385256805 0.10098626204344237 0.08176421768265903
9 0.5196146274432046 0.3839306229605875 0.09683471110563369 0.07964782956970498
9 0.6782655879071702 0.41961524450698856 0.1030620375123467 0.08282241173913599
9 0.23563072729513437 0.3225506788278949 0.08930428282330354 0.07244415037203532
9 0.6931605651036216 0.36192076330349293 0.09998626204344237 0.08173512065442048
9 0.26710244420033824 0.6346510153810132 0.0992135884501555 0.08470602362618183
9 0.32116174605130776 0.28495118365757244 0.0882285073543992 0.0714150533437969
9 0.26199978329216195 0.4440836233303622 0.09260738469892078 0.07653144145675082
9 0.4815519994570147 0.4960722606275513 0.0988347111056338 0.07970602362618207
9 0.17012031547379722 0.47949398781713426 0.09045583376111216 0.07447324740027386
9 0.2555710516781598 0.27101623127971114 0.0851527318854948 0.07032776225908129
9 0.3882178788252239 0.5374535280860848 0.09468316016782524 0.07758963551322791
9 0.34566271029115586 0.6559787776400945 0.10228936391905984 0.08579331471089745
9 0.2816674340819004 0.3895346272680592 0.0914558337611121 0.0745023444285124
9 0.33232526352414477 0.461664060849416 0.09260738469892078 0.07653144145675082
9 0.19067430306017916 0.42647408878306975 0.09353160923001644 0.07556053848498936
9 0.5001059870433966 0.4429941675370097 0.09891048657453815 0.08070602362618194
9 0.4245335377097127 0.679821088413295 0.10551669032577285 0.08888060579561306
9 0.37527422830697815 0.3511679083236449 0.0904558337611121 0.07447324740027386
9 0.46296758358830237 0.5561649022322119 0.0988347111056338 0.07970602362618183
9 0.5078664773938173 0.7042943358135689 0.10866824126358153 0.09096789688032868
9 0.19554217810952063 0.6135269323196016 0.09906203751234682 0.08270602362618183
9 0.3926008894866471 0.3010607182048649 0.08745583376111221 0.07438595631555836
9 0.4434210554540423 0.6157284468086344 0.10328936391905984 0.08582241173913599