8 0.939121894 0.658298904 0.940296965 0.6439036929999999 0.8182176990000001 0.078866221 0.022148896 0.254803919 0.032978755 0.8669579310000001 0.939121894 0.658298904
10 0.753214146 0.14274367899999998 0.10415526800000001 0.287155394 0.117932457 0.787752614 0.8431129580000001 0.62298396 0.753214146 0.14274367899999998
9 0.19544505799999998 0.501002725 0.114595526 0.520006606 0.117064619 0.581620224 0.199647927 0.563812029 0.19544505799999998 0.501002725
9 0.11458112 0.5212301380000001 0.19543066099999998 0.5022255 0.194485628 0.442567839 0.108586894 0.462115493 0.11458112 0.5212301380000001
9 0.186924141 0.385166321 0.107782235 0.398945253 0.108601291 0.460892718 0.19119899699999998 0.44186174699999997 0.186924141 0.385166321
9 0.189280136 0.32499197500000004 0.10679414599999999 0.342921132 0.10765625799999999 0.401235057 0.19189008100000002 0.38316852 0.189280136 0.32499197500000004
9 0.180039338 0.27029435 0.102490074 0.28863731200000003 0.10836174 0.341319053 0.181041962 0.32506090899999995 0.180039338 0.27029435
9 0.27967888 0.482936187 0.20050854699999998 0.5004529360000001 0.198026208 0.56162482 0.287182779 0.545228808 0.27967888 0.482936187
9 0.197095572 0.5007443819999999 0.28642156799999996 0.480899266 0.282049274 0.421539067 0.194500026 0.441345063 0.197095572 0.5007443819999999
9 0.281075446 0.364326956 0.193666442 0.381838649 0.19447123 0.443790615 0.28199168300000005 0.42643016899999997 0.281075446 0.364326956
9 0.274502185 0.36291477200000005 0.268701051 0.306587632 0.18761522400000002 0.326473093 0.190253964 0.382204085 0.274502185 0.36291477200000005
9 0.26757418899999996 0.251711129 0.185101517 0.269600411 0.189308931 0.322546424 0.271863444 0.30718378 0.26757418899999996 0.251711129
9 0.372165275 0.46357794 0.288072357 0.48064088099999996 0.288890884 0.5400793629999999 0.376411337 0.5227189170000001 0.372165275 0.46357794
9 0.36640854100000003 0.40487309499999996 0.280369965 0.424242959 0.286280939 0.48190282100000004 0.372194071 0.46113239 0.36640854100000003 0.40487309499999996
9 0.36034332799999996 0.34825822 0.274612692 0.364283666 0.280384362 0.42302018399999997 0.36626869900000003 0.404695305 0.36034332799999996 0.34825822
9 0.357056697 0.34755212799999996 0.351283682 0.289997797 0.270198533 0.308664898 0.274502185 0.36291477200000005 0.357056697 0.34755212799999996
9 0.348506983 0.234161275 0.26933493700000005 0.252752191 0.273513959 0.30692543699999997 0.35447554800000003 0.286930033 0.348506983 0.234161275
9 0.46978517399999997 0.567909435 0.462450836 0.504640476 0.378033056 0.5249061279999999 0.380599808 0.586750998 0.46978517399999997 0.567909435
9 0.456399098 0.445511403 0.370654988 0.464051045 0.373110308 0.523235602 0.46396058599999995 0.502912921 0.456399098 0.445511403
9 0.447354791 0.387318112 0.366254301 0.405918081 0.368893042 0.46164907299999997 0.458092805 0.44158473400000003 0.447354791 0.387318112
9 0.44624206299999997 0.32871056499999995 0.362162095 0.34569514500000004 0.366283096 0.403472528 0.445565376 0.386181017 0.44624206299999997 0.32871056499999995
9 0.442969829 0.326781698 0.43883308499999996 0.271409276 0.35446115 0.288152809 0.360372123 0.345812668 0.442969829 0.326781698
9 0.433729032 0.272084072 0.42959105399999997 0.216677077 0.35015749799999996 0.23390293299999998 0.35447554800000003 0.286930033 0.433729032 0.272084072
9 0.527189254 0.309937935 0.441443149 0.329622079 0.44886640499999997 0.385664333 0.5314353159999999 0.369078913 0.527189254 0.309937935
9 0.525553137 0.308973502 0.519779334 0.253854293 0.437058856 0.269121838 0.444591548 0.328968907 0.525553137 0.308973502
9 0.517991649 0.25157198199999997 0.508900922 0.198156946 0.432755204 0.214871961 0.440345487 0.269827928 0.517991649 0.25157198199999997
9 0.606500328 0.290200872 0.529021365 0.308586491 0.53476514 0.366116679 0.612411303 0.347860733 0.606500328 0.290200872
9 0.606485931 0.291423649 0.599060389 0.237781227 0.5196277669999999 0.252536417 0.5255387389999999 0.310196277 0.606485931 0.291423649
9 0.598924443 0.234022129 0.593148748 0.180085193 0.5120374839999999 0.19758045000000002 0.5196277669999999 0.252536417 0.598924443 0.234022129
9 0.619166426 0.349434304 0.7015678719999999 0.331464721 0.690734152 0.272134335 0.608136445 0.291165306 0.619166426 0.349434304
9 0.690734152 0.272134335 0.6833514340000001 0.216038876 0.60056056 0.23498656399999998 0.608150843 0.28994253099999995 0.690734152 0.272134335
9 0.6798716349999999 0.21524949899999998 0.67244421 0.162788596 0.591319763 0.180288937 0.600574958 0.233763787 0.6798716349999999 0.21524949899999998
9 0.760804428 0.197699646 0.7517540770000001 0.14426846399999999 0.672266955 0.161516308 0.68480878 0.215697251 0.760804428 0.197699646
9 0.782752932 0.310395356 0.77331746 0.254326139 0.690719754 0.27335710999999996 0.70158227 0.330241945 0.782752932 0.310395356
9 0.77331746 0.254326139 0.762618083 0.201189344 0.6831582660000001 0.215955592 0.694035181 0.271617651 0.77331746 0.254326139
9 0.538996803 0.426480432 0.453280838 0.443790613 0.463946188 0.5041356969999999 0.546543894 0.48510472600000004 0.538996803 0.426480432
9 0.536554981 0.368471205 0.450502523 0.386628767 0.456427893 0.443065852 0.5406761139999999 0.423776539 0.536554981 0.368471205
9 0.6232450239999999 0.407191118 0.5424954350000001 0.423720173 0.551495437 0.48432970000000003 0.6307777170000001 0.46703818799999997 0.6232450239999999 0.407191118
9 0.615850442 0.35117460699999997 0.5297704049999999 0.37056003 0.5373174940000001 0.429184324 0.623259421 0.405968343 0.615850442 0.35117460699999997
9 0.710808671 0.386162345 0.623456092 0.404941657 0.629127202 0.46729653000000004 0.7199918780000001 0.445751074 0.710808671 0.386162345
9 0.701749057 0.33284447 0.617319653 0.350754034 0.624924333 0.40448722600000003 0.710808671 0.386162345 0.701749057 0.33284447
9 0.8060597 0.430096394 0.795071289 0.36565025700000003 0.709158156 0.386420687 0.7166908489999999 0.44626775700000004 0.8060597 0.430096394
9 0.791755862 0.36738971600000003 0.7826953059999999 0.31528948700000003 0.7015390770000001 0.333910272 0.712473583 0.384681228 0.791755862 0.36738971600000003
9 0.113846389 0.583630309 0.11460784 0.650353999 0.203836398 0.627844109 0.19799741299999998 0.564070371 0.113846389 0.583630309
9 0.205584612 0.6291138700000001 0.20796727999999998 0.696767291 0.300468071 0.676186269 0.29470107300000004 0.606298653 0.205584612 0.6291138700000001
9 0.29468667699999995 0.607521428 0.290610389 0.544971348 0.199647927 0.563812029 0.20544372000000002 0.631254094 0.29468667699999995 0.607521428
9 0.378949294 0.587009339 0.378174197 0.525159294 0.292148719 0.5432310069999999 0.291414442 0.605592561 0.378949294 0.587009339
9 0.557334423 0.5481034379999999 0.5499714259999999 0.488499019 0.463946188 0.5041356969999999 0.471406894 0.5700966439999999 0.557334423 0.5481034379999999
9 0.644854876 0.530742992 0.632442629 0.46555707 0.5498305259999999 0.485810818 0.5557127040000001 0.545916229 0.644854876 0.530742992
9 0.730753612 0.5111953379999999 0.720161085 0.448426531 0.632428231 0.466779846 0.641582643 0.528814125 0.730753612 0.5111953379999999
9 0.8166523459999999 0.491647682 0.806045293 0.431319926 0.721627994 0.446715507 0.7324185230000001 0.509714221 0.8166523459999999 0.491647682
9 0.832624824 0.5529512590000001 0.821603889 0.490872657 0.734069037 0.509455879 0.7415297420000001 0.575416826 0.832624824 0.5529512590000001
9 0.8433735779999999 0.6196604019999999 0.8306863130000001 0.559020813 0.743165859 0.57638126 0.752277078 0.6420838649999999 0.8433735779999999 0.6196604019999999
9 0.7415153440000001 0.576639601 0.655832012 0.594057286 0.664727829 0.661889862 0.755592504 0.6403444060000001 0.7415153440000001 0.576639601
9 0.645040038 0.531018745 0.65232998 0.5954811640000001 0.743165859 0.57638126 0.729117495 0.510230904 0.645040038 0.531018745
9 0.554217873 0.5476769699999999 0.564795127 0.614064386 0.655645406 0.593741705 0.641582643 0.528814125 0.554217873 0.5476769699999999
9 0.47160642799999997 0.566713871 0.47558096699999997 0.6353515 0.568081759 0.6147704780000001 0.558956142 0.5502906470000001 0.47160642799999997 0.566713871
9 0.38404261900000003 0.586525925 0.389682233 0.654899155 0.482211819 0.631872582 0.46977077700000003 0.56913221 0.38404261900000003 0.586525925
9 0.29149763300000003 0.6095602 0.297167042 0.6767029529999999 0.38969663000000004 0.653676379 0.38388643899999997 0.58745709 0.29149763300000003 0.6095602
9 0.11471922600000001 0.649442694 0.117102605 0.718312748 0.206331163 0.695802858 0.205501311 0.6263629909999999 0.11471922600000001 0.649442694
9 0.122166404 0.716668604 0.12120469 0.7896814809999999 0.210447646 0.765948816 0.206345561 0.694580083 0.122166404 0.716668604
9 0.302948438 0.745367793 0.29565764 0.676079348 0.211268309 0.696250608 0.212098161 0.765690474 0.302948438 0.745367793
9 0.392162599 0.7240806790000001 0.388159407 0.656715672 0.302104188 0.677150703 0.307928776 0.742147216 0.392162599 0.7240806790000001
9 0.486328304 0.702018539 0.477217083 0.636315933 0.389667835 0.656121931 0.393813113 0.723822338 0.486328304 0.702018539
9 0.5738919499999999 0.680989766 0.563315838 0.614644496 0.47891079000000003 0.632389265 0.488007613 0.699314647 0.5738919499999999 0.680989766
9 0.663091713 0.660925428 0.654138004 0.59798627 0.5680961569999999 0.613547702 0.5738919499999999 0.680989766 0.663091713 0.660925428
0 0.21659372400000002 0.8197289929999999 0.211908298 0.7811127360000001 0.120827132 0.8042543449999999 0.12204954100000001 0.845951327 0.21659372400000002 0.8197289929999999
1 0.30936147799999997 0.798862081 0.30824402700000003 0.761367159 0.215296446 0.784390444 0.22001182 0.8204633290000001 0.30936147799999997 0.798862081
2 0.40381581899999996 0.780269867 0.401012225 0.7417663750000001 0.306377612 0.761248835 0.309301584 0.803948828 0.40381581899999996 0.780269867
3 0.496568601 0.7606746409999999 0.493795407 0.720893119 0.39914536700000003 0.7403819220000001 0.403800846 0.781541553 0.496568601 0.7606746409999999
4 0.58761982 0.740076405 0.579711308 0.701094742 0.493614681 0.72051802 0.501718204 0.7598686139999999 0.58761982 0.740076405
5 0.676924555 0.722290216 0.669045866 0.6820314 0.577814734 0.6997228 0.584186749 0.740613756 0.676924555 0.722290216
6 0.7697671779999999 0.6950648700000001 0.761844031 0.659885668 0.665447857 0.678390227 0.67011831 0.718278172 0.7697671779999999 0.6950648700000001
7 0.763575834 0.658344474 0.769722257 0.698879931 0.857385325 0.6750039849999999 0.847580241 0.634650381 0.763575834 0.658344474
7 0.750923642 0.131951181 0.7425638569999999 0.095115559 0.665244917 0.113564392 0.671691799 0.148096915 0.750923642 0.131951181
6 0.587750851 0.16384196399999998 0.670020184 0.14455053 0.665244917 0.113564392 0.584507881 0.13127888899999998 0.587750851 0.16384196399999998
5 0.507389942 0.14847737900000002 0.511934263 0.18325723300000002 0.589268176 0.163536714 0.584507881 0.13127888899999998 0.507389942 0.14847737900000002
4 0.42470542299999997 0.170254267 0.43140039 0.198475288 0.510217728 0.18352590900000001 0.507144021 0.153542782 0.42470542299999997 0.170254267
3 0.344013309 0.184153704 0.35064993 0.21619503 0.431227173 0.198428356 0.424750344 0.166439208 0.344013309 0.184153704
2 0.26497783500000005 0.20287121200000002 0.26815268400000003 0.236728441 0.34875862999999996 0.217683217 0.34571487 0.185156715 0.26497783500000005 0.20287121200000002
1 0.17737465900000002 0.221660411 0.18385148799999998 0.25364956 0.26632003200000004 0.23439470199999998 0.26497783500000005 0.20287121200000002 0.17737465900000002 0.221660411
0 0.103503762 0.23830020600000001 0.103218125 0.272705365 0.182134953 0.253918236 0.179076221 0.222663422 0.103503762 0.23830020600000001