8 0.079222194 0.847594733 0.985702093 0.77976287 0.854089767 0.17544263699999998 0.061209907 0.22731574599999999 0.079222194 0.847594733
10 0.16312505200000002 0.780996177 0.885347694 0.7291972990000001 0.7899287580000001 0.22970812699999998 0.143481261 0.27297634699999995 0.16312505200000002 0.780996177
9 0.159834744 0.572567361 0.242092448 0.567634135 0.237156986 0.503502192 0.156644677 0.509917845 0.159834744 0.572567361
9 0.235511832 0.444303475 0.14996382 0.45047000800000003 0.156644677 0.511151915 0.237156986 0.504735499 0.235511832 0.444303475
9 0.14996382 0.449236702 0.23222152399999998 0.443070169 0.22728606199999998 0.385104759 0.14841754199999999 0.38651081499999995 0.14996382 0.449236702
9 0.14831866600000002 0.388804678 0.23222152399999998 0.383871452 0.228931216 0.324672735 0.146772115 0.329743581 0.14831866600000002 0.388804678
9 0.14831866600000002 0.328372655 0.220705445 0.323439429 0.21906029100000002 0.267940632 0.141835834 0.274210418 0.14831866600000002 0.328372655
9 0.240447294 0.565167522 0.32928561500000003 0.562700909 0.321059844 0.498568966 0.242206885 0.503747494 0.240447294 0.565167522
9 0.32270499799999997 0.436903636 0.235511832 0.443070169 0.23880214 0.503502192 0.327769092 0.497577142 0.32270499799999997 0.436903636
9 0.235511832 0.445536782 0.32270499799999997 0.441836862 0.321059844 0.37893822499999996 0.233979749 0.382808604 0.235511832 0.445536782
9 0.22728606199999998 0.325906042 0.23057637 0.382638145 0.314479228 0.376471612 0.30802396800000004 0.31863694800000003 0.22728606199999998 0.325906042
9 0.228931216 0.322206122 0.31118892 0.319739509 0.306253457 0.263007405 0.224107187 0.268040066 0.228931216 0.322206122
9 0.330930769 0.557767682 0.418123935 0.554067762 0.413188473 0.493635739 0.32941452 0.497577142 0.330930769 0.557767682
9 0.327640461 0.498568966 0.413188473 0.491169126 0.406749592 0.433405486 0.321059844 0.439370249 0.327640461 0.498568966
9 0.321059844 0.438136942 0.40660785600000005 0.43320371599999996 0.40002724 0.375238306 0.314605676 0.377872323 0.321059844 0.438136942
9 0.309543766 0.32097281600000005 0.314479228 0.376471612 0.39673693200000004 0.374004999 0.39029532100000003 0.31493473699999996 0.309543766 0.32097281600000005
9 0.31283407399999996 0.319739509 0.39344662399999997 0.31233966900000004 0.386866007 0.258074179 0.30802396800000004 0.264337855 0.31283407399999996 0.319739509
9 0.419769089 0.556534376 0.423059397 0.619433012 0.511897718 0.614499786 0.503829789 0.549408095 0.419769089 0.556534376
9 0.414833627 0.554067762 0.5053171009999999 0.5479012289999999 0.497091331 0.488702513 0.41168587300000004 0.493874931 0.414833627 0.554067762
9 0.409898165 0.491169126 0.498736485 0.485002593 0.487375518 0.42846920499999996 0.40660785600000005 0.43443702300000003 0.409898165 0.491169126
9 0.40660785600000005 0.431970409 0.48557525199999996 0.42703718300000004 0.48557525199999996 0.369071773 0.401813311 0.37293604199999997 0.40660785600000005 0.431970409
9 0.39344662399999997 0.313572976 0.40002724 0.372771692 0.482284944 0.36660516 0.477502956 0.309998456 0.39344662399999997 0.313572976
9 0.388511162 0.258074179 0.39344662399999997 0.31233966900000004 0.47241402 0.30987305600000004 0.46763039300000003 0.253231222 0.388511162 0.258074179
9 0.488865561 0.42703718300000004 0.571123265 0.423337263 0.5661878020000001 0.36290524 0.48079381 0.369233831 0.488865561 0.42703718300000004
9 0.47570432799999995 0.30740644300000003 0.483930098 0.369071773 0.564542648 0.361671933 0.558128882 0.30506217500000005 0.47570432799999995 0.30740644300000003
9 0.470768866 0.251907646 0.47899463600000003 0.308639749 0.556316878 0.302473216 0.546610893 0.247060871 0.470768866 0.251907646
9 0.5744135730000001 0.42087065 0.651735815 0.414704117 0.6451551980000001 0.3555054 0.5680014449999999 0.361829409 0.5744135730000001 0.42087065
9 0.557962032 0.303706523 0.564542648 0.36290524 0.6451551980000001 0.356738707 0.637109382 0.301359964 0.557962032 0.303706523
9 0.549736262 0.24697442 0.557962032 0.303706523 0.6369294280000001 0.29753999 0.630527673 0.24212459 0.549736262 0.24697442
9 0.7290580569999999 0.350572174 0.646800352 0.356738707 0.6584999340000001 0.417362572 0.7405741349999999 0.412237504 0.7290580569999999 0.350572174
9 0.638574582 0.298773297 0.646800352 0.3555054 0.7290580569999999 0.350572174 0.721026162 0.292721472 0.638574582 0.298773297
9 0.628703658 0.242041193 0.638574582 0.29753999 0.717541978 0.29137345699999995 0.709508173 0.237188309 0.628703658 0.242041193
9 0.709316208 0.23587466 0.72247744 0.292606764 0.798154528 0.286440231 0.788488672 0.231017957 0.709316208 0.23587466
9 0.7290580569999999 0.35180548 0.7405741349999999 0.41100419699999996 0.821397213 0.403787799 0.8113157609999999 0.345638947 0.7290580569999999 0.35180548
9 0.7208322859999999 0.292606764 0.7323483649999999 0.350572174 0.8113157609999999 0.345638947 0.800006662 0.290253332 0.7208322859999999 0.292606764
9 0.5053171009999999 0.5491345360000001 0.5875748049999999 0.5429680029999999 0.579349035 0.48253598 0.493957227 0.486470509 0.5053171009999999 0.5491345360000001
9 0.497091331 0.4862359 0.580994189 0.480069367 0.57622858 0.423532924 0.490510715 0.428270489 0.497091331 0.4862359
9 0.592510268 0.5429680029999999 0.671477664 0.5380347769999999 0.663251893 0.476369447 0.582810288 0.48030015800000003 0.592510268 0.5429680029999999
9 0.577703881 0.485002593 0.663251893 0.47513614 0.655209079 0.418596643 0.569478111 0.42457057 0.577703881 0.485002593
9 0.66983251 0.5380347769999999 0.760315984 0.5306349370000001 0.75044506 0.468969607 0.6634362149999999 0.474129806 0.66983251 0.5380347769999999
9 0.6648970470000001 0.473902834 0.75044506 0.468969607 0.7407712870000001 0.413660362 0.656671277 0.418404037 0.6648970470000001 0.473902834
9 0.748799906 0.468969607 0.7570256759999999 0.5306349370000001 0.846078619 0.5284289 0.8343479180000001 0.461569768 0.748799906 0.468969607
9 0.7405741349999999 0.414704117 0.752090214 0.467736301 0.83105761 0.462803074 0.821397213 0.408724081 0.7405741349999999 0.414704117
9 0.24702791 0.632999385 0.240447294 0.567634135 0.156644677 0.574089501 0.15818959000000002 0.641632531 0.24702791 0.632999385
9 0.344092001 0.6971313280000001 0.337511385 0.625599545 0.248788593 0.634558946 0.251963373 0.703297861 0.344092001 0.6971313280000001
9 0.242092448 0.567634135 0.248673065 0.6366993049999999 0.337511385 0.626832852 0.332705374 0.5629828680000001 0.242092448 0.567634135
9 0.334221077 0.561467602 0.334221077 0.624366239 0.421414243 0.619433012 0.419913008 0.556812517 0.334221077 0.561467602
9 0.5053171009999999 0.5491345360000001 0.513542872 0.616966399 0.599090884 0.608333253 0.591037424 0.546939954 0.5053171009999999 0.5491345360000001
9 0.590865114 0.54420131 0.59744573 0.60586664 0.68628405 0.604633333 0.6731228180000001 0.53680147 0.590865114 0.54420131
9 0.6731228180000001 0.5380347769999999 0.682993742 0.60216672 0.771832063 0.5984668000000001 0.760516412 0.533365181 0.6731228180000001 0.5380347769999999
9 0.761961138 0.531868244 0.773477217 0.5972334939999999 0.857380075 0.5923002669999999 0.846078619 0.52966297 0.761961138 0.531868244
9 0.775122371 0.5972334939999999 0.783348141 0.6650653569999999 0.87405088 0.6567722109999999 0.862315537 0.5923002669999999 0.775122371 0.5972334939999999
9 0.784993295 0.6662986630000001 0.79486422 0.7341305260000001 0.885568869 0.725880148 0.872186462 0.662598743 0.784993295 0.6662986630000001
9 0.707671053 0.740297059 0.798154528 0.7328972189999999 0.783348141 0.6662986630000001 0.697990183 0.670346984 0.707671053 0.740297059
9 0.784993295 0.6662986630000001 0.770186909 0.5972334939999999 0.6864721939999999 0.604941259 0.694509821 0.671231889 0.784993295 0.6662986630000001
9 0.697800129 0.669998583 0.682993742 0.60216672 0.595973705 0.607409399 0.607316654 0.6761651160000001 0.697800129 0.669998583
9 0.610606963 0.677398423 0.600736038 0.6107998659999999 0.5137023510000001 0.613579751 0.518478334 0.683564955 0.610606963 0.677398423
9 0.52505895 0.681098342 0.511897718 0.615733092 0.42649471699999997 0.619750102 0.432930322 0.6897314880000001 0.52505895 0.681098342
9 0.432930322 0.688498182 0.42634970499999997 0.620666319 0.334350801 0.628388594 0.340801693 0.6971313280000001 0.432930322 0.688498182
9 0.250318219 0.702064554 0.248673065 0.631766078 0.15829010400000001 0.6407292969999999 0.16147989799999998 0.7106977000000001 0.250318219 0.702064554
9 0.255253681 0.773596337 0.250318219 0.700831248 0.16651723999999998 0.709837234 0.16641535999999998 0.7834627900000001 0.255253681 0.773596337
9 0.255253681 0.703297861 0.256898835 0.773596337 0.347382309 0.7674298039999999 0.339287082 0.696262461 0.255253681 0.703297861
9 0.34573715499999996 0.698364634 0.352317772 0.7649631910000001 0.43622063000000005 0.760029965 0.431430998 0.69132618 0.34573715499999996 0.698364634
9 0.432930322 0.690964795 0.43786578400000004 0.760029965 0.529994413 0.752630125 0.520123488 0.684798262 0.432930322 0.690964795
9 0.521768642 0.681098342 0.531639567 0.750163512 0.617187579 0.745230285 0.605846267 0.676517336 0.521768642 0.681098342
9 0.610606963 0.6761651160000001 0.617187579 0.745230285 0.706025899 0.7390637520000001 0.696344756 0.674049195 0.610606963 0.6761651160000001
0 0.16620968 0.7981285850000001 0.16792063999999998 0.840455667 0.262023454 0.828911917 0.256890573 0.789150113 0.16620968 0.7981285850000001
1 0.26031249300000003 0.7929980289999999 0.265445374 0.830194556 0.35441530699999996 0.822498723 0.352858565 0.784434316 0.26031249300000003 0.7929980289999999
2 0.35099338599999996 0.7840195569999999 0.35441530699999996 0.827629279 0.44851812 0.818650807 0.44526574900000004 0.7793005829999999 0.35099338599999996 0.7840195569999999
3 0.44338524 0.777606363 0.44851812 0.819933445 0.5409099740000001 0.813520251 0.537672934 0.772883418 0.44338524 0.777606363
4 0.537488053 0.7724758070000001 0.5460428540000001 0.813520251 0.631590867 0.8071070570000001 0.623235141 0.7664662520000001 0.537488053 0.7724758070000001
5 0.621325105 0.7647799740000001 0.628168946 0.8071070570000001 0.720560799 0.80325914 0.712219837 0.7613325200000001 0.621325105 0.7647799740000001
6 0.708584078 0.7570841410000001 0.713716958 0.7981285850000001 0.8129526530000001 0.7904327510000001 0.804627022 0.753631921 0.708584078 0.7570841410000001
7 0.9002116250000001 0.7840195569999999 0.889945864 0.7416924749999999 0.806338266 0.752348488 0.8129526530000001 0.794280668 0.9002116250000001 0.7840195569999999
7 0.701740237 0.186309847 0.708584078 0.222223736 0.7875145800000001 0.218440312 0.778733448 0.179896653 0.701740237 0.186309847
6 0.701740237 0.186309847 0.621325105 0.191440403 0.624946386 0.224857478 0.706873117 0.218375819 0.701740237 0.186309847
5 0.626457986 0.224789013 0.621325105 0.191440403 0.54451791 0.196621949 0.549464775 0.232484847 0.626457986 0.224789013
4 0.547753815 0.232484847 0.544331894 0.201701514 0.462205802 0.20554943 0.46922316799999997 0.235124943 0.547753815 0.232484847
3 0.469049643 0.235050124 0.462205802 0.201701514 0.38179067099999997 0.20683206899999998 0.388794692 0.240258675 0.469049643 0.235050124
2 0.38692355199999995 0.241463319 0.38350163099999995 0.208114708 0.3030865 0.213245263 0.306654973 0.247959274 0.38692355199999995 0.241463319
1 0.30479746 0.24531123500000002 0.3030865 0.213245263 0.215827527 0.218375819 0.222671368 0.25172442899999997 0.30479746 0.24531123500000002
0 0.220960408 0.25172442899999997 0.217538487 0.219658458 0.142256236 0.223506374 0.142375534 0.258226739 0.220960408 0.25172442899999997