9 0.7105 0.3945 0.0705 0.052
9 0.7095 0.444 0.07 0.0485
9 0.707 0.599 0.0725 0.0575
9 0.708 0.4955 0.072 0.055
9 0.5665 0.5425 0.0695 0.05
9 0.641 0.3925 0.068 0.0475
9 0.7075 0.654 0.073 0.054
9 0.4935 0.6475 0.0735 0.0575
9 0.707 0.5455 0.0715 0.05
9 0.506 0.39 0.066 0.0465
9 0.635 0.544 0.072 0.055
9 0.3665 0.4865 0.07 0.048
9 0.491 0.7025 0.073 0.053
9 0.7085 0.711 0.075 0.061
9 0.564 0.5945 0.071 0.0565
9 0.5035 0.4385 0.0685 0.0495
9 0.5705 0.4405 0.0695 0.047
9 0.29 0.537 0.072 0.05
9 0.2255 0.4835 0.072 0.0495
9 0.636 0.492 0.068 0.0485
9 0.6335 0.596 0.071 0.0515
9 0.435 0.4885 0.072 0.052
9 0.294 0.4845 0.0735 0.0535
9 0.3565 0.5875 0.0715 0.0525
9 0.6335 0.706 0.0715 0.054
9 0.431 0.5385 0.069 0.052
9 0.37 0.4365 0.0715 0.0525
9 0.283 0.6405 0.073 0.053
9 0.216 0.585 0.073 0.0515
9 0.6335 0.6515 0.0725 0.057
9 0.3725 0.386 0.0685 0.0475
9 0.422 0.7 0.075 0.055
9 0.4245 0.6455 0.0715 0.053
9 0.64 0.4425 0.0695 0.052
9 0.497 0.59 0.0705 0.052
9 0.501 0.4895 0.0675 0.049
9 0.441 0.3395 0.067 0.049
9 0.57 0.491 0.0725 0.053
9 0.301 0.384 0.071 0.0525
9 0.562 0.649 0.071 0.0535
9 0.304 0.4335 0.0695 0.0495
9 0.22 0.535 0.074 0.0555
9 0.2855 0.586 0.0745 0.055
9 0.4385 0.388 0.07 0.051
9 0.3515 0.642 0.0755 0.057
9 0.212 0.64 0.077 0.058
9 0.2315 0.378 0.0705 0.0505
9 0.4375 0.437 0.069 0.048
9 0.2285 0.4325 0.0765 0.0545
9 0.427 0.5885 0.073 0.0555
9 0.36 0.5385 0.0725 0.054
9 0.4975 0.541 0.0695 0.054
9 0.304 0.3345 0.0675 0.0465
9 0.5735 0.3875 0.068 0.05
9 0.274 0.699 0.0765 0.0575
9 0.206 0.6945 0.075 0.052
9 0.349 0.696 0.071 0.053
9 0.234 0.3315 0.073 0.053
9 0.574 0.342 0.0685 0.046
9 0.563 0.7045 0.074 0.0565
9 0.676446193 0.31908693499999996 0.612387841 0.320420879 0.610790975 0.367328821 0.6728873959999999 0.367108934 0.676446193 0.31908693499999996
9 0.71 0.3435 0.0675 0.047
9 0.375 0.3365 0.0715 0.0515
9 0.508 0.3405 0.0685 0.0485