9 0.728 0.48290117151814793 0.08 0.07065946939759862
9 0.7165 0.530731372792243 0.079 0.06660122603012861
9 0.682 0.6797219766145287 0.083 0.0758341995000087
9 0.7045 0.5800324523826033 0.082 0.07377595613253857
9 0.556 0.5878833123133107 0.078 0.0675429826626587
9 0.6605 0.46246974421392406 0.076 0.06542649592771864
9 0.671 0.7330812995723588 0.083 0.0728341995000087
9 0.463 0.6699666791386023 0.084 0.07689244286747862
9 0.693 0.6278626536566985 0.08 0.06865946939759875
9 0.5285 0.4242816197078862 0.074 0.06331000919277881
9 0.623 0.6072856179337995 0.082 0.07377595613253879
9 0.372 0.48066653269883386 0.078 0.06654298266265869
9 0.449 0.7221512719940226 0.082 0.0717759561325388
9 0.66 0.7879406225301891 0.086 0.08000892960241844
9 0.543 0.637126148536201 0.081 0.07471771276506865
9 0.516 0.4705535776145115 0.077 0.06748473929518878
9 0.5815 0.49036851818379534 0.078 0.06454298266265869
9 0.287 0.5092158464638852 0.081 0.06871771276506865
9 0.235 0.4406871913554461 0.081 0.06771771276506866
9 0.6345 0.5574554166597046 0.077 0.06648473929518878
9 0.6105 0.6570575758404249 0.08 0.06965946939759875
9 0.439 0.5005688383193228 0.081 0.07071771276506865
9 0.3015 0.45956037529219995 0.083 0.0728341995000087
9 0.3415 0.5758901099909993 0.081 0.07071771276506865
9 0.588 0.7637471000723502 0.081 0.07271771276506865
9 0.4245 0.548224309491008 0.078 0.06954298266265868
9 0.386 0.4334819398434136 0.081 0.07071771276506865
9 0.2585 0.6075559104909908 0.082 0.0717759561325388
9 0.2045 0.5359107686476116 0.082 0.0707759561325388
9 0.599 0.7108877771145201 0.083 0.0758341995000087
9 0.399 0.3852391036205233 0.077 0.06548473929518878
9 0.382 0.7017489663735337 0.085 0.07395068623494853
9 0.396 0.6495643735181135 0.081 0.07171771276506865
9 0.649 0.5107999454880192 0.079 0.0696012260301286
9 0.4785 0.6153694513343871 0.08 0.07065946939759851
9 0.503 0.5192964138374015 0.076 0.06642649592771886
9 0.4755 0.3581947212319771 0.076 0.06642649592771875
9 0.5705 0.5392278411416255 0.082 0.0717759561325388
9 0.3295 0.36419118958135954 0.08 0.07065946939759862
9 0.5295 0.6893398630753562 0.081 0.07171771276506865
9 0.322 0.4127543643253347 0.078 0.0675429826626587
9 0.219 0.48875529747592633 0.084 0.07489244286747862
9 0.2725 0.5553713176355705 0.084 0.07389244286747862
9 0.463 0.40446667913860235 0.079 0.0686012260301286
9 0.325 0.6269290944277446 0.086 0.07600892960241845
9 0.189 0.5880079964518269 0.087 0.07806717296988859
9 0.2625 0.34028888396087065 0.079 0.06860122603012872
9 0.452 0.4518260020964325 0.077 0.06548473929518878
9 0.2485 0.3919734768162909 0.086 0.07400892960241856
9 0.41 0.5953797806626933 0.083 0.0738341995000087
9 0.355 0.5291763954518441 0.082 0.07277595613253857
9 0.489 0.5679810066928219 0.079 0.0716012260301286
9 0.3425 0.3174483533584693 0.076 0.06442649592771875
9 0.5955 0.43968392532837514 0.077 0.06748473929518878
9 0.2375 0.6613327997741211 0.087 0.07706717296988859
9 0.172 0.6390178592048371 0.084 0.07089244286747862
9 0.3115 0.6786428089668998 0.08 0.07165946939759851
9 0.275 0.29601692605424546 0.082 0.07177595613253857
9 0.605 0.39623723731934 0.077 0.06348473929518877
9 0.519 0.7432283077169214 0.084 0.07589244286747862
9 0.635953816 0.430302836 0.696738998 0.446538658 0.7102043619999999 0.40109024 0.647268496 0.385410957 0.635953816 0.430302836
9 0.738 0.43348360519284773 0.076 0.06442649592771875
9 0.4115 0.3379671457138982 0.081 0.06971771276506865
9 0.541 0.377009661801261 0.077 0.06648473929518878