9 0.4453533712528419 0.6697811049240081 0.11876421768265902 0.10311151018544706
9 0.7845990132272774 0.37901650117961 0.10544415037203544 0.09120246163018157
9 0.47032175007621563 0.2536938128820982 0.0992695682026042 0.08478290075852049
9 0.17836623700136925 0.41339214921737727 0.1033859563155583 0.08906260800629456
9 0.6744603816517465 0.31306859686950905 0.10432776225908129 0.08713253481823813
9 0.3894053734065777 0.5549522625510424 0.1065023444285123 0.09327238844212501
9 0.392174941609182 0.6329172991450707 0.10956053848498937 0.0954821688779557
9 0.5684090411609312 0.24984098531163418 0.10229866523084274 0.08599268119435106
9 0.435646506243864 0.4394908853598386 0.11047324740027376 0.09255209568989915
9 0.33457376367326763 0.44405349336613315 0.10953144145675082 0.0944821688779557
9 0.5007354800941715 0.7135050570790584 0.1129097028238516 0.10769194931378616
9 0.6029077178350901 0.6261977052309616 0.11273512065442037 0.10169194931378615
9 0.8498938309838914 0.41904118521522526 0.13388060579561306 0.10816041236459978
9 0.28289533402960776 0.4070847973692804 0.10538595631555836 0.08920246163018157
9 0.33084014606456363 0.2985185299601614 0.11144415037203532 0.09162202250184259
9 0.28631808232186223 0.5591547241812238 0.10953144145675082 0.0944821688779557
9 0.6404160744464682 0.5033307059412777 0.1135896355132279 0.09676187612572971
9 0.2856358052039735 0.4840498339633087 0.10644415037203532 0.09127238844212514
9 0.3274642291259753 0.3719031274258507 0.11047324740027387 0.09255209568989915
9 0.42843513209773676 0.36384051941955614 0.10844415037203532 0.09141224206601214
9 0.5754167361093887 0.31849135125191663 0.10332776225908129 0.08706260800629456
9 0.5139051936867023 0.21908206975061198 0.10738595631555836 0.08934231525406858
9 0.6811717557978736 0.38875392621576327 0.10738595631555836 0.08934231525406858
9 0.3876358052039735 0.47691729914507064 0.10644415037203532 0.09127238844212503
9 0.5023058782362554 0.6297253498312845 0.11250234442851229 0.09369194931378616
9 0.33827058930527565 0.519448603148218 0.1105023444285124 0.09355209568989903
9 0.42338379160692136 0.2935502998553867 0.10638595631555836 0.08927238844212503
9 0.5321174092156254 0.43174294800728985 0.10950234442851228 0.09348216887795559
9 0.4754749301658658 0.3274840324462676 0.10432776225908129 0.08713253481823813
9 0.5424160744464682 0.5101835335117417 0.10947324740027398 0.0924821688779557
9 0.5214128886351599 0.2876974722849227 0.1074150533437969 0.09034231525406858
9 0.5959635674630548 0.5425123758847075 0.10853144145675082 0.09441224206601215
9 0.527507874668333 0.3594177650371486 0.10747324740027397 0.09234231525406858
9 0.12455921515914842 0.4582381238742703 0.13164782956970494 0.10002055874071289
9 0.23365420119232158 0.5227559549963147 0.1135896355132279 0.09676187612572971
9 0.4933471793501007 0.5456798741089173 0.10644415037203532 0.09127238844212503
9 0.23158831218738696 0.4517559549963147 0.10853144145675088 0.09441224206601215
9 0.5470983515643569 0.585008716481883 0.11361873254146644 0.09776187612572972
9 0.5796135617413967 0.3938514976280296 0.10332776225908129 0.08706260800629456
9 0.7464888170170646 0.49841846387526567 0.11976421768265891 0.10318143699739073
9 0.4790262706566811 0.3978791422283524 0.10332776225908129 0.08706260800629456
9 0.7306388112954064 0.34972262221261596 0.11250234442851252 0.09369194931378616
9 0.7010799555760089 0.5391700606306389 0.1115896355132279 0.0966220225018426
9 0.6537583852196688 0.583061511009899 0.120822411739136 0.10525136380933418
9 0.38351172214256185 0.4040571527689576 0.10535685928731982 0.08820246163018157
9 0.44031423484763343 0.5138160683299797 0.10953144145675082 0.0944821688779557
9 0.3395838030502376 0.5990185299601615 0.11353144145675083 0.09476187612572949
9 0.37688763908115014 0.33137182342270344 0.10432776225908129 0.08713253481823813
9 0.4841794507463313 0.47166936179252184 0.10538595631555825 0.08920246163018168
9 0.6199419856633983 0.28180968130848694 0.11050234442851252 0.09355209568989903
9 0.6893249358875239 0.46233436534410227 0.10844415037203543 0.09141224206601214
9 0.44449651196552215 0.5886762147060929 0.11464782956970498 0.09883180293767327
9 0.7362483458426987 0.42197787837081374 0.11256053848498937 0.09569194931378615
9 0.7933976784581201 0.45756197690197714 0.11150234442851228 0.0936220225018426
9 0.6244642291259753 0.3511348642786281 0.10938595631555836 0.0894821688779557
9 0.5867376448028083 0.466501863568312 0.1064150533437969 0.09027238844212503
9 0.18153396560513868 0.48782222240543377 0.10844415037203532 0.09141224206601214
9 0.633146506243864 0.42568034000099525 0.11456053848498937 0.09583180293767316
9 0.37224900750561923 0.2580466404525622 0.10532776225908128 0.08720246163018157
9 0.41374516003139045 0.220574750944963 0.10941505334379678 0.09048216887795558
9 0.2303478410130212 0.37468602818437124 0.11147324740027387 0.0926220225018426
9 0.46325586107128097 0.18304344694181574 0.10329866523084275 0.08606260800629456
9 0.2767421539399576 0.33336450461705447 0.1042695682026042 0.08513253481823801
9 0.5545570504505115 0.6691590824221655 0.12290970282385161 0.1083912174332213