9 0.30437356307993413 0.3186519615153125 0.10875893563672957 0.08440781634326856
9 0.561018028331626 0.736038751635181 0.11574401673248576 0.09789759205258519
9 0.32242792443232104 0.6712844646927439 0.10813781298125116 0.0893261870583824
9 0.4210847896347173 0.3784882903440879 0.10783471110563381 0.08532618705838241
9 0.43771219079463136 0.45782494925402517 0.10898626204344249 0.08740781634326857
9 0.48169431952117236 0.6143553745652038 0.11536513938796407 0.0928975920525852
9 0.18930170422009318 0.5160298476691453 0.1068347111056338 0.08524455777349635
9 0.35155140898317166 0.5458762357480231 0.11406203751234682 0.08881596276769915
9 0.5151609388696267 0.7901511363124076 0.1258048732971465 0.11263225561656008
9 0.23524948805524043 0.4739990922768046 0.1112135884501555 0.09057107491304077
9 0.2060048808489115 0.5943665065790826 0.10898626204344249 0.08740781634326868
9 0.26372888112040416 0.3570908633320837 0.10153160923001656 0.08083641134906588
9 0.37551979975315514 0.6212842996521631 0.11528936391905983 0.0918975920525852
9 0.33749978329216196 0.465743650050301 0.10991048657453814 0.08648944562815472
9 0.31906928025663056 0.39028454721303457 0.10775893563672957 0.08432618705838252
9 0.6083068017768428 0.6895896255277264 0.12412289407700745 0.1035506263316738
9 0.12792341734941456 0.4828463880788778 0.11528936391905983 0.0918975920525852
9 0.4350570970137642 0.6588453153151015 0.11228936391905983 0.09165270419792705
9 0.36197917635732574 0.3485089039660356 0.10253160923001656 0.08091804063395193
9 0.4578700202368757 0.5304064960186208 0.10998626204344236 0.0874894456281545
9 0.3086794006169287 0.587151878995022 0.10575893563672946 0.0841629284886103
9 0.2548011137462501 0.5545806390414002 0.11328936391905983 0.09173433348281287
9 0.6262712759377628 0.5587426598068153 0.11006203751234671 0.0884894456281545
9 0.37863700579957005 0.4208047482335298 0.10360738469892089 0.08199966991883798
9 0.175909088919014 0.44047889125630935 0.10575893563672946 0.0841629284886103
9 0.6923085731983719 0.5968342658215132 0.12251669032577274 0.09546899704678799
9 0.27465938415593555 0.43193774653270434 0.10360738469892078 0.0819996699188381
9 0.5641203154737973 0.5224775709316616 0.11428936391905972 0.09181596276769914
9 0.4803115255675872 0.4135084913645832 0.10360738469892078 0.08199966991883798
9 0.44287474402762017 0.2635494710476072 0.0982285073543992 0.07659152349440751
9 0.21712208689532642 0.3945399894395382 0.11283471110563385 0.08573433348281298
9 0.4130054713227546 0.5780596953382906 0.10683471110563392 0.08524455777349635
9 0.26485273943725973 0.6343867075995779 0.11359246579467708 0.09573433348281288
9 0.2937035503948234 0.5059376640124138 0.10360738469892078 0.08199966991883798
9 0.49601861880546905 0.697528774905369 0.11566824126358143 0.09689759205258519
9 0.5415761492349093 0.44819195095485065 0.10991048657453803 0.08648944562815472
9 0.7100836086870312 0.4684873001006021 0.11075893563672957 0.08457107491304078
9 0.6503607893632247 0.6391915383533983 0.11328936391905972 0.09173433348281287
9 0.6024923238400401 0.48083459590267513 0.106683160167825 0.08324455777349635
9 0.3863440990374518 0.7041719974952269 0.1195924657946772 0.09622410919212962
9 0.3989538456317449 0.4979271096405686 0.10353160923001645 0.08099966991883797
9 0.5012799163375707 0.4886716674140649 0.10368316016782524 0.08299966991883798
9 0.5218350848716389 0.37011040419025504 0.10483471110563392 0.08508129920372426
9 0.3814585694224894 0.23086601145733968 0.10991048657453825 0.08648944562815467
9 0.5412695045162336 0.6514163902281422 0.11128936391905996 0.09157107491304077
9 0.4573813962980609 0.7426717499343554 0.11344091485686851 0.09373433348281288
9 0.5190209807008412 0.5665899556088884 0.10475893563672957 0.08408129920372426
9 0.6689084984451709 0.5139262019173731 0.11421358845015539 0.09081596276769915
9 0.5837891472112218 0.40233467842296566 0.10360738469892089 0.08199966991883798
9 0.6870773301825954 0.3936608654813481 0.10553160923001632 0.0811629284886103
9 0.4640325734698646 0.336212647097089 0.10353160923001656 0.08099966991883797
9 0.4059648479269251 0.30581489000392276 0.1058347111056338 0.0851629284886103
9 0.7512208311944394 0.4235483982838309 0.10783471110563368 0.08532618705838241
9 0.7335594589091365 0.5503953640047421 0.11106203751234671 0.08857107491304078
9 0.5810582779614504 0.6043550444840419 0.1164409148568684 0.09397922133747125
9 0.6479326482230656 0.4322222112254484 0.11191048657453803 0.08665270419792682
9 0.819409679392857 0.4598032628683011 0.11483471110563369 0.0858975920525852
9 0.7791966814165446 0.5058237939699584 0.11736513938796406 0.09306085062235729
9 0.14158870624378073 0.5614381591341568 0.11328936391905983 0.09173433348281287
9 0.0778619703109108 0.526050626331674 0.11998626204344248 0.08830573847701567
9 0.6228505942497257 0.3582325180364223 0.10575893563672935 0.0841629284886103
9 0.3433971223839857 0.27504980112876914 0.10238005829220777 0.07891804063395193
9 0.5602828687067861 0.3274674291612687 0.09938005829220788 0.07867315277929367
9 0.5026772554293945 0.2976104867105456 0.10468316016782524 0.08308129920372415