9 0.815 0.596 0.1025 0.074
9 0.401 0.655 0.084 0.067
9 0.5925 0.3385 0.081 0.059
9 0.443 0.589 0.0825 0.0635
9 0.555 0.399 0.0815 0.0605
9 0.587 0.595 0.0925 0.0685
9 0.4575 0.481 0.084 0.062
9 0.3365 0.519 0.082 0.0615
9 0.688 0.5195 0.0875 0.063
9 0.713 0.563 0.094 0.0665
9 0.6115 0.3795 0.088 0.0625
9 0.436 0.4375 0.0785 0.061
9 0.565 0.552 0.084 0.064
9 0.552 0.6685 0.094 0.0755
9 0.5225 0.462 0.0805 0.0605
9 0.3795 0.607 0.0875 0.066
9 0.336 0.6735 0.088 0.069
9 0.629 0.536 0.0905 0.0655
9 0.7245 0.4495 0.0845 0.0625
9 0.543 0.5105 0.0875 0.063
9 0.354 0.413 0.079 0.0595
9 0.678 0.631 0.0985 0.076
9 0.5285 0.6165 0.0845 0.0645
9 0.742 0.6115 0.093 0.068
9 0.642 0.426 0.086 0.061
9 0.4205 0.5445 0.086 0.064
9 0.3715 0.4525 0.083 0.059
9 0.5335 0.3565 0.0835 0.0625
9 0.355 0.56 0.0815 0.0635
9 0.295 0.5765 0.086 0.0635
9 0.465 0.6385 0.09 0.0675
9 0.602 0.488 0.085 0.061
9 0.317 0.469 0.082 0.0595
9 0.4815 0.5255 0.0835 0.062
9 0.299 0.429 0.0815 0.0605
9 0.3165 0.6275 0.086 0.0645
9 0.6255 0.2775 0.0815 0.062
9 0.6525 0.5785 0.0875 0.0645
9 0.4285 0.7065 0.0925 0.073
9 0.3615 0.722 0.084 0.0645
9 0.489 0.6845 0.085 0.0675
9 0.4715 0.3755 0.079 0.0595
9 0.7785 0.545 0.0905 0.0635
9 0.2785 0.534 0.077 0.0585
9 0.6735 0.366 0.081 0.058
9 0.576 0.4445 0.087 0.065
9 0.396 0.4975 0.0815 0.059
9 0.7025 0.406 0.0885 0.064
9 0.503 0.57 0.0875 0.065
9 0.21 0.412 0.0975 0.078
9 0.653 0.3225 0.083 0.0615
9 0.2525 0.486 0.079 0.0605
9 0.415 0.393 0.084 0.061
9 0.6135 0.6495 0.0875 0.067
9 0.495 0.4205 0.085 0.0615
9 0.755 0.5 0.0945 0.0665
9 0.5085 0.316 0.08 0.059
9 0.3915 0.3465 0.078 0.0615
9 0.664 0.4695 0.088 0.0645
9 0.4505 0.3315 0.0795 0.062
9 0.2745 0.3845 0.0795 0.06
9 0.2155 0.445 0.1055 0.063
9 0.3325 0.368 0.088 0.064
9 0.567 0.295 0.086 0.063