9 0.3448170789564033 0.6750626626729519 0.08318694441511877 0.06847706204449833
9 0.19437197480073376 0.6504353371445952 0.08106475896062125 0.06146542638487654
9 0.20433200337178573 0.7053829766762965 0.08822185454497526 0.07050615119355325
9 0.4932534555796087 0.6992016238609305 0.08113457922033422 0.06546542638487654
9 0.41506398051494414 0.6601525056712795 0.07909966909047773 0.06345379072525452
9 0.18447303895693057 0.5989876976128937 0.08209966909047774 0.06347124421468743
9 0.24588209739891692 0.5361240832497091 0.08009966909047773 0.06345960855506541
9 0.17559155817805555 0.5485342402513813 0.07801239376583657 0.0584479728954434
9 0.2345267992174343 0.4871851704627241 0.0759949387009084 0.05743633723582173
9 0.3675904225942288 0.46140849018296154 0.07497748363598021 0.05643051940601072
9 0.27555272233293426 0.6889670018448132 0.0811345792203341 0.06546542638487654
9 0.3106551815548501 0.522745924311997 0.07801239376583657 0.05844797289544363
9 0.16724498752903702 0.5000778739749636 0.08006475896062125 0.061459608555065416
9 0.6995116153201595 0.6554973330900628 0.08520439948004696 0.06948869770412011
9 0.6192613070101385 0.41243948815569537 0.07392511844119554 0.05342470157619982
9 0.3003086109058316 0.4743011936952011 0.08006475896062125 0.061459608555065416
9 0.46792940129460997 0.594838342861488 0.07808221402554955 0.062447972895443626
9 0.3334094155801359 0.6231237498859669 0.07908221402554955 0.062453790725254296
9 0.5831289989574578 0.5196605656885117 0.07706475896062125 0.061442155065632505
9 0.38141953817831914 0.5088328583954191 0.07806475896062125 0.061447972895443514
9 0.22475877636059272 0.44323753093102264 0.07704730389569306 0.060442155065632504
9 0.3522962171399949 0.4159928487152204 0.07902984883076487 0.05945379072525452
9 0.28948822285420533 0.42735937199331053 0.07296002857105202 0.0554188837463887
9 0.5198297322041324 0.5315299978815073 0.07599493870090827 0.05743633723582161
9 0.4941715010359517 0.4366696257969702 0.07496002857105191 0.055430519406010716
9 0.6302385311642262 0.6689016722619241 0.08309966909047761 0.06347706204449832
9 0.5969144768792275 0.5645849339009692 0.07704730389569295 0.060442155065632504
9 0.6463409903861422 0.502791133495516 0.07702984883076487 0.0594421550656325
9 0.47634238545186125 0.38926852890375646 0.0749949387009084 0.05743051940601072
9 0.286995295839058 0.7429059146317981 0.08416948935019058 0.06748287987430922
9 0.4550566480481991 0.5449081568192193 0.07606475896062125 0.06143633723582161
9 0.5441503797376508 0.37787291647661153 0.07497748363598021 0.05643051940601072
9 0.5064918890875779 0.48360272075414423 0.08008221402554955 0.06245960855506542
9 0.4175169361011435 0.3996117808626028 0.07394257350612372 0.05442470157619982
9 0.14715657662056922 0.4091855038264663 0.08604730389569307 0.06049451553393124
9 0.5461014212943465 0.6328874610511389 0.08211712415540592 0.06447124421468743
9 0.4308809618150902 0.44903905798996585 0.07801239376583657 0.05844797289544363
9 0.26407523869695404 0.6330280890578283 0.08015203428526241 0.06645960855506541
9 0.4260065540210679 0.71409432737317 0.08218694441511888 0.06847124421468744
9 0.2542461231128637 0.5855804495261269 0.08004730389569306 0.060459608555065644
9 0.15890714441248258 0.45212150769854575 0.07697748363598021 0.05644215506563251
9 0.4783457922033414 0.6472830734782838 0.0791694893501906 0.06745379072525452
9 0.5692737007759752 0.47073619747605405 0.07599493870090827 0.05743633723582161
9 0.5529707677892771 0.4248263738381239 0.07601239376583657 0.05843633723582161
9 0.35872474233267065 0.7269870308854095 0.08111712415540592 0.06446542638487654
9 0.32601047973633274 0.5716615657797381 0.07808221402554955 0.062447972895443626
9 0.6019060088286557 0.36353548234757616 0.07399493870090827 0.057424701576199826
9 0.39663013454128454 0.6067543176929712 0.07813457922033422 0.0654479728954434
9 0.38580101895719415 0.5593124959910808 0.07704730389569306 0.060442155065632504
9 0.5312024854505433 0.5814689106684923 0.08313457922033422 0.06547706204449832
9 0.21374839428051715 0.7578335251229035 0.08311712415540592 0.06447706204449832
9 0.6094006880476718 0.6210180288581433 0.08315203428526229 0.06647706204449833
9 0.6325642399968365 0.45836676528305836 0.07908221402554955 0.06245379072525452
9 0.4442275324641088 0.4974663351173289 0.07396002857105191 0.055424701576199706
9 0.681086496878964 0.6025991451117545 0.07808221402554955 0.0624479728954434
9 0.5594741745407573 0.682814738178502 0.08218694441511888 0.06847124421468744
9 0.40930127843908654 0.358655414586185 0.07496002857105191 0.055430519406010716
9 0.665205016100089 0.5521864125589189 0.08111712415540592 0.06446542638487654
9 0.3415020116857611 0.37055102701333 0.07394257350612383 0.05442470157619982
9 0.47158309012748384 0.34579180022300027 0.07190766337626724 0.05241306591657781
9 0.5313649018158811 0.3329427304343429 0.07599493870090827 0.05743633723582161
9 0.5951554410367426 0.32057038932644183 0.07296002857105213 0.0554188837463887
9 0.21643838830896647 0.39628116465460483 0.07594257350612373 0.054436337235821614
9 0.2807638376596843 0.38590591463179824 0.07397748363598021 0.05642470157619971