9 0.5553379321023755 0.329 0.09013527909036884 0.071
9 0.601829002499957 0.415 0.0933100091927788 0.074
9 0.53826276268066 0.605 0.09760122603012861 0.079
9 0.6423477948553857 0.346 0.09213527909036884 0.071
9 0.7684518203372895 0.576 0.11000892960241845 0.086
9 0.5151444096445366 0.401 0.09019352245783875 0.072
9 0.6172940162891251 0.304 0.09536825256024872 0.075
9 0.49635905733428365 0.5175 0.09554298266265869 0.078
9 0.6236789292800726 0.4605 0.09854298266265869 0.078
9 0.4742115826144252 0.314 0.09007703572289892 0.07
9 0.4082277764698282 0.494 0.09631000919277881 0.074
9 0.30349080477403484 0.5925 0.09319352245783875 0.072
9 0.3477134489156086 0.52 0.09119352245783875 0.072
9 0.5624670810421009 0.653 0.09748473929518878 0.077
9 0.36988231449092174 0.4055 0.09225176582530878 0.073
9 0.5175293226354842 0.5575 0.09425176582530867 0.073
9 0.453130082090317 0.427 0.0933100091927788 0.074
9 0.4969527534878813 0.679 0.09971771276506866 0.081
9 0.430490338198739 0.541 0.09325176582530878 0.073
9 0.5972770902348795 0.579 0.09854298266265869 0.078
9 0.2166847938071695 0.572 0.08907703572289881 0.07
9 0.25726816063246105 0.665 0.09125176582530878 0.073
9 0.43272191194273135 0.3825 0.09119352245783875 0.072
9 0.6429706126927184 0.507 0.09948473929518878 0.077
9 0.3047806218854972 0.433 0.09101879235542878 0.069
9 0.32207230529814296 0.4795 0.09442649592771875 0.076
9 0.710484940246938 0.481 0.10271771276506865 0.081
9 0.40988464736740104 0.663 0.09760122603012861 0.079
9 0.4468693866625897 0.586 0.10054298266265868 0.078
9 0.2423536593824826 0.4575 0.09436825256024872 0.075
9 0.5757461022499613 0.3735 0.09336825256024894 0.075
9 0.4728003473915177 0.467 0.09007703572289881 0.07
9 0.41069725506020566 0.34 0.0913100091927788 0.074
9 0.18048494024693798 0.481 0.08590230562048891 0.067
9 0.38741330247584016 0.611 0.09442649592771864 0.076
9 0.47289897492162053 0.637 0.09442649592771875 0.076
9 0.5601937234095881 0.486 0.09225176582530867 0.073
9 0.698083101201745 0.5995 0.09842649592771886 0.076
9 0.5753397984035589 0.535 0.09548473929518878 0.077
9 0.6673787828403042 0.5515 0.10377595613253879 0.082
9 0.6806932568342923 0.4345 0.09336825256024872 0.075
9 0.36130128054210947 0.57 0.09648473929518878 0.077
9 0.3907322412710375 0.451 0.0910187923554289 0.069
9 0.42873457414751676 0.7085 0.09542649592771875 0.076
9 0.32222424481921064 0.64 0.0986012260301286 0.079
9 0.23241823385234528 0.6195 0.09242649592771875 0.076
9 0.7392766236595837 0.5275 0.09948473929518878 0.077
9 0.6318649218613804 0.629 0.10071771276506865 0.081
9 0.5356981882107973 0.443 0.0913100091927788 0.074
9 0.34037031981318144 0.689 0.09854298266265869 0.078
9 0.28035599225896185 0.715 0.09365946939759863 0.08
9 0.2979729455691977 0.7645 0.0913100091927788 0.074
9 0.2607618295300683 0.502 0.09013527909036884 0.071
9 0.27858263462644905 0.548 0.09942649592771875 0.076
9 0.6637559650029715 0.3905 0.0995429826626587 0.078
9 0.5979149678252743 0.259 0.09125176582530867 0.073
9 0.3587202465932972 0.7345 0.09548473929518878 0.077
9 0.1598146749457373 0.441 0.09748473929518872 0.077
9 0.19480574534331874 0.527 0.0933100091927788 0.074
9 0.49379448286442096 0.3555 0.08519352245783875 0.072
9 0.35235765760839605 0.363 0.09013527909036884 0.071
9 0.22547461091863186 0.4125 0.09007703572289881 0.07
9 0.2858724517379114 0.3885 0.09425176582530878 0.073
9 0.5391967884849098 0.2885 0.0913100091927788 0.074