9 0.3280955126172405 0.609146236673221 0.08556372899124676 0.07421358845015538
9 0.18589863808097498 0.5586790268509237 0.08319687453626551 0.06706203751234671
9 0.18380726983118378 0.6145579041954454 0.09066854454981291 0.07659246579467709
9 0.46871377548458143 0.658227109698875 0.08340650565339774 0.0710620375123467
9 0.40025273595508964 0.606690402912109 0.08130169009483165 0.06891048657453802
9 0.18664722966861536 0.5059138127097585 0.08430169009483154 0.06913781298125105
9 0.26026267571123696 0.45465487707302904 0.08230169009483154 0.06898626204344248
9 0.18850063681482174 0.455072823099689 0.08003965119841644 0.0638347111056338
9 0.2591422867470849 0.40454121386967257 0.07798724341913339 0.06268316016782524
9 0.3950615489813492 0.40227363783313513 0.07693483563985035 0.061607384698920895
9 0.2574120853897499 0.6109884072309767 0.08340650565339774 0.0710620375123467
9 0.3264198990490861 0.4526536961253429 0.08003965119841633 0.0638347111056338
9 0.19043265562995274 0.4057318334896195 0.08219687453626551 0.06698626204344248
9 0.6801854454981289 0.6512384857600603 0.08761613677052991 0.07536513938796406
9 0.6523738695602364 0.39833723005917304 0.07577761230200121 0.05853160923001644
9 0.3263519178642171 0.40346425745308206 0.08219687453626556 0.06698626204344248
9 0.4661061431012961 0.5509997832921619 0.0802492823155485 0.06783471110563391
9 0.3278179003152393 0.5559567980009601 0.0812492823155485 0.06791048657453802
9 0.5943264047024839 0.4976110846001462 0.07919687453626557 0.06675893563672947
9 0.39865573405585975 0.45169786236423076 0.08019687453626557 0.06683471110563391
9 0.2588101405689896 0.35988966293186386 0.0791444667569824 0.06575893563672958
9 0.38954597557576326 0.3545009642398481 0.08109205897769949 0.06491048657453814
9 0.3258363444586311 0.35531270651527336 0.0748824278605673 0.060455833761112215
9 0.5295905696957101 0.49799860234447585 0.07798724341913339 0.06268316016782512
9 0.524454607325972 0.3999986023444758 0.0768824278605673 0.06060738469892078
9 0.6094758143809966 0.6525806563178158 0.08530169009483166 0.06921358845015561
9 0.5987633664391451 0.5439595336623374 0.07914446675698264 0.06575893563672935
9 0.6597739969232007 0.4916477913869122 0.07909205897769925 0.06475893563672958
9 0.51683421836182 0.35037747968899746 0.07698724341913339 0.0626073846989209
9 0.25726830936067563 0.6657157336376897 0.08651132121196371 0.07328936391905973
9 0.46343334635786093 0.499999783292162 0.07819687453626557 0.06668316016782523
9 0.5856224611478767 0.3506868600690506 0.07693483563985024 0.061607384698920895
9 0.5264963846211996 0.448536490078928 0.0822492823155485 0.06798626204344248
9 0.45659838335504627 0.3504240078232576 0.07583002008128414 0.05953160923001644
9 0.1895849360462714 0.3129287316140022 0.08814446675698247 0.06644091485686851
9 0.5345409787411464 0.6020364900789279 0.08435409787411481 0.07013781298125105
9 0.4597711800984814 0.4013861200888055 0.08003965119841633 0.0638347111056338
9 0.2579248419706165 0.5537231930898115 0.08245891343268068 0.07198626204344237
9 0.39963516381565695 0.6619556170532742 0.08456372899124676 0.07413781298125105
9 0.2583830646753891 0.5049958666830986 0.0821444667569824 0.06598626204344248
9 0.19239087833472523 0.35689084387954995 0.07893483563985029 0.06175893563672957
9 0.46490995929293877 0.6048028851677794 0.08151132121196372 0.07291048657453802
9 0.5911536079590487 0.4466489723345984 0.07798724341913339 0.06268316016782524
9 0.5846118306638212 0.3984520742102157 0.07803965119841633 0.06368316016782512
9 0.3308993288088832 0.662646236673221 0.08335409787411459 0.0700620375123467
9 0.3316188996821627 0.503964257453082 0.0802492823155485 0.06783471110563391
9 0.6456486650375182 0.34664033193479044 0.07598724341913339 0.06253160923001656
9 0.3933179003152393 0.5509935047877264 0.08040650565339774 0.07083471110563369
9 0.3927761230200118 0.5023419538499176 0.0791444667569824 0.06575893563672947
9 0.5307633664391451 0.5491122655478323 0.08540650565339775 0.07121358845015538
9 0.18208488213318497 0.6678988938055149 0.08535409787411465 0.07021358845015538
9 0.5992768137479201 0.6016489723345982 0.08545891343268068 0.07221358845015538
9 0.6558632390761809 0.4457614545902687 0.0812492823155485 0.06791048657453815
9 0.4628915690626335 0.4513482323543533 0.0758824278605673 0.060531609230016444
9 0.6737768137479201 0.5960036999012255 0.0802492823155485 0.06783471110563369
9 0.5372661832638644 0.654036490078928 0.08456372899124676 0.07413781298125105
9 0.45739725662515857 0.3081966814165446 0.0768824278605673 0.060607384698920894
9 0.6685254053355605 0.5436931385734863 0.08335409787411481 0.0700620375123467
9 0.3886352177287433 0.3083873010364916 0.07583002008128414 0.05953160923001644
9 0.5210544799630077 0.3063849391411193 0.07372520452271805 0.05738005829220776
9 0.5826854994112153 0.3042247478035027 0.07798724341913339 0.06268316016782524
9 0.647868926638706 0.3027993423247209 0.0748824278605673 0.060455833761112215
9 0.26032077105304513 0.31208656105624655 0.07783002008128426 0.05968316016782512
9 0.3256352177287433 0.31316115557746466 0.07593483563985023 0.061531609230016555