9 0.598 0.3545 0.0785 0.057
9 0.7595 0.354 0.08 0.0585
9 0.4375 0.3545 0.077 0.057
9 0.7635 0.411 0.081 0.0565
9 0.356 0.3545 0.0785 0.058
9 0.7825 0.73 0.0855 0.07
9 0.358 0.2975 0.0765 0.055
9 0.7745 0.594 0.083 0.065
9 0.6895 0.662 0.087 0.0655
9 0.3535 0.413 0.0805 0.058
9 0.17 0.6615 0.086 0.065
9 0.1815 0.5345 0.084 0.058
9 0.6865 0.5965 0.0875 0.067
9 0.683 0.5345 0.085 0.0595
9 0.344 0.661 0.0845 0.0675
9 0.4345 0.471 0.08 0.0595
9 0.195 0.354 0.081 0.0575
9 0.767 0.472 0.0825 0.061
9 0.7795 0.662 0.087 0.067
9 0.277 0.354 0.0805 0.0575
9 0.436 0.4125 0.08 0.059
9 0.6045 0.7285 0.0875 0.071
9 0.2805 0.297 0.0815 0.055
9 0.43 0.7285 0.0875 0.07
9 0.167 0.7285 0.09 0.0715
9 0.5155 0.7285 0.0865 0.071
9 0.5995 0.471 0.082 0.0595
9 0.3405 0.7285 0.088 0.07
9 0.203 0.297 0.079 0.0545
9 0.7705 0.534 0.0835 0.0605
9 0.255 0.7285 0.089 0.0705
9 0.433 0.595 0.0835 0.065
9 0.2595 0.661 0.0895 0.065
9 0.3495 0.534 0.0815 0.059
9 0.348 0.595 0.0845 0.065
9 0.515 0.2975 0.0785 0.055
9 0.6035 0.6605 0.0865 0.066
9 0.5965 0.2975 0.0795 0.0565
9 0.6745 0.2965 0.079 0.056
9 0.264 0.596 0.0865 0.067
9 0.602 0.596 0.083 0.066
9 0.43 0.6605 0.0855 0.0655
9 0.6805 0.4705 0.0835 0.0585
9 0.4335 0.534 0.0815 0.0575
9 0.1905 0.4125 0.0815 0.059
9 0.271 0.4705 0.0835 0.0605
9 0.679 0.4125 0.082 0.058
9 0.598 0.4115 0.0825 0.056
9 0.514 0.413 0.08 0.059
9 0.1755 0.596 0.087 0.0665
9 0.515 0.661 0.0845 0.067
9 0.186 0.4715 0.083 0.061
9 0.677 0.354 0.0795 0.058
9 0.756 0.2965 0.0815 0.0555
9 0.6935 0.7275 0.091 0.068
9 0.514 0.3545 0.08 0.058
9 0.438 0.298 0.078 0.056
9 0.601 0.534 0.083 0.058
9 0.2675 0.5345 0.086 0.058
9 0.518 0.472 0.0815 0.0605
9 0.516 0.5315 0.0825 0.0585
9 0.2745 0.412 0.0825 0.0585
9 0.351 0.471 0.083 0.059
9 0.519 0.5925 0.0835 0.066