9 0.731 0.3775 0.091 0.0695
9 0.6845 0.3395 0.0885 0.0675
9 0.544 0.442 0.0955 0.071
9 0.642 0.5165 0.095 0.0725
9 0.547 0.2985 0.0935 0.0705
9 0.7335 0.448 0.093 0.0725
9 0.1815 0.464 0.1075 0.0785
9 0.595 0.268 0.0905 0.0675
9 0.647 0.67 0.0965 0.078
9 0.5925 0.481 0.0945 0.0715
9 0.235 0.5075 0.109 0.0795
9 0.595 0.553 0.095 0.0725
9 0.596 0.629 0.0985 0.079
9 0.494 0.627 0.0995 0.079
9 0.8265 0.4505 0.088 0.07
9 0.496 0.477 0.0935 0.0715
9 0.695 0.63 0.095 0.0745
9 0.645 0.594 0.0955 0.075
9 0.5445 0.3725 0.0935 0.07
9 0.5455 0.6705 0.101 0.0805
9 0.545 0.513 0.094 0.0705
9 0.4465 0.4385 0.094 0.07
9 0.397 0.398 0.096 0.073
9 0.642 0.303 0.09 0.0665
9 0.6925 0.5555 0.0955 0.073
9 0.238 0.431 0.105 0.076
9 0.2905 0.4685 0.1035 0.078
9 0.548 0.2305 0.0885 0.068
9 0.7375 0.596 0.093 0.072
9 0.6415 0.375 0.0935 0.071
9 0.2865 0.5485 0.1035 0.0785
9 0.496 0.4025 0.0945 0.0705
9 0.7785 0.4155 0.09 0.07
9 0.3925 0.55 0.101 0.0785
9 0.495 0.5495 0.099 0.0755
9 0.546 0.5915 0.098 0.0765
9 0.2945 0.394 0.1035 0.0745
9 0.3965 0.472 0.0995 0.0755
9 0.875 0.487 0.088 0.0705
9 0.446 0.5105 0.099 0.0745
9 0.6405 0.4455 0.096 0.0705
9 0.5965 0.7115 0.097 0.079
9 0.3985 0.327 0.097 0.0715
9 0.4475 0.368 0.097 0.0725
9 0.341 0.51 0.102 0.0765
9 0.5455 0.752 0.1005 0.079
9 0.441 0.67 0.104 0.082
9 0.6855 0.4125 0.0925 0.0715
9 0.7355 0.5205 0.0915 0.073
9 0.5925 0.4065 0.0935 0.07
9 0.345 0.436 0.1025 0.0755
9 0.8305 0.5215 0.0925 0.0715
9 0.443 0.5895 0.102 0.077
9 0.784 0.558 0.0895 0.0705
9 0.689 0.4845 0.093 0.0705
9 0.595 0.3365 0.0925 0.07
9 0.448 0.295 0.0955 0.0705
9 0.4975 0.3335 0.0945 0.0705
9 0.782 0.486 0.091 0.073
9 0.339 0.5895 0.1065 0.0795
9 0.499 0.2635 0.0935 0.0705
9 0.3465 0.3625 0.096 0.072
9 0.496 0.708 0.106 0.0805
9 0.39 0.6255 0.104 0.08