9 0.5044424490727639 0.6212976305528628 0.11657312032268999 0.10233530157947689
9 0.6537258157233625 0.6788533895607739 0.1165731203226901 0.10233530157947689
9 0.6041035602754808 0.7127919425222701 0.116712973946577 0.10433530157947689
9 0.7009634737055549 0.650263285661469 0.11664304713463343 0.10333530157947689
9 0.603361544052347 0.47900375955089647 0.11429341307491586 0.0981837506416682
9 0.5052568867804708 0.5449566409427933 0.11543326669880298 0.10025952611057255
9 0.30117940821683925 0.3580891396594568 0.12157312032268999 0.10271417892399859
9 0.605501164730195 0.40527643314418343 0.11443326669880298 0.1001837506416682
9 0.4577287762880699 0.4986299797631243 0.11750319351074642 0.10141107704838123
9 0.74765565596538 0.6150974062932597 0.11536333988685941 0.09925952611057255
9 0.5550187629062004 0.4371392106367753 0.11543326669880298 0.10025952611057255
9 0.40656081217178214 0.4540381044422902 0.11957312032268999 0.10256262798618991
9 0.45466959473856094 0.5783194184353851 0.11536333988685941 0.09925952611057255
9 0.6035228882011029 0.6348372897088441 0.11450319351074655 0.10118375064166821
9 0.7958126418731942 0.5086663127838854 0.11022348626297253 0.09688064876605085
9 0.6013373259088097 0.5582689736920616 0.11443326669880298 0.1001837506416682
9 0.7478302400491998 0.5407185289487381 0.11236333988685965 0.09903219970385953
9 0.5528441788223806 0.5113665370434884 0.11550319351074655 0.10125952611057255
9 0.5580429810497377 0.35794977196451455 0.11550319351074655 0.10125952611057255
9 0.7956730211953463 0.5825451901284071 0.11557312032268988 0.10225952611057255
9 0.3535192287982784 0.5656282083415951 0.12392275438240745 0.10786572986180727
9 0.4057463744640753 0.5303790940523597 0.11964304713463343 0.10356262798618991
9 0.3042251168852455 0.4367332311451437 0.12378290075852055 0.10586572986180727
9 0.5044664342702623 0.47000198812936717 0.11764304713463343 0.10341107704838123
9 0.7010116770465904 0.41955087815899966 0.11008363263908541 0.09488064876605086
9 0.5573414512037121 0.7489578218904794 0.12185282757046412 0.10671417892399859
9 0.6022107122199866 0.33013234165849653 0.11336333988685943 0.09910797517276387
9 0.7008720563687425 0.4934297555035213 0.11443326669880298 0.1001837506416682
9 0.6530402534310692 0.6023987367473479 0.11450319351074631 0.10118375064166821
9 0.30145615489990585 0.5194605575518567 0.124852827570464 0.1069415053307116
9 0.40205808455311365 0.6909474100691423 0.12299268119435101 0.10878995439290293
9 0.19778453138079358 0.4206252559723798 0.128992681194351 0.10924460720632896
9 0.7442845313807936 0.4620365497285991 0.11122348626297253 0.0969564242349552
9 0.3544735201298722 0.48728721873152564 0.121712973946577 0.10471417892399859
9 0.6493546911387761 0.5257167575272089 0.11543326669880298 0.10025952611057255
9 0.6505185299601615 0.3724968905726177 0.11329341307491586 0.09810797517276387
9 0.8426204596133693 0.5509171984946499 0.11115355945102896 0.09595642423495519
9 0.45321530340696703 0.6566225203110025 0.120852827570464 0.10663840345509425
9 0.24955715276895762 0.3918761416831444 0.12285282757046401 0.10678995439290292
9 0.6980925820670074 0.5691191941757822 0.11250319351074631 0.10103219970385953
9 0.5538224553514728 0.2817299050099233 0.11343326669880298 0.10010797517276387
9 0.5051894546411566 0.23682746836135005 0.11850319351074654 0.10148685251728556
9 0.45500825058980504 0.4225237760118897 0.11864304713463343 0.10348685251728557
9 0.3522075187092401 0.4046810149802909 0.121712973946577 0.10471417892399859
9 0.5050443787259717 0.7852069361797148 0.120852827570464 0.10663840345509425
9 0.4533764146096839 0.7405771731244285 0.11985282757046412 0.10656262798618991
9 0.247508716481883 0.5505581209032835 0.12699268119435106 0.10909305626852028
9 0.30043193675636853 0.5988015471619262 0.12492275438240756 0.1079415053307116
9 0.4563926151094553 0.3452206741362723 0.11864304713463343 0.10348685251728557
9 0.3541268466348621 0.32691580083912575 0.11964304713463343 0.10356262798618991
9 0.5051035602754809 0.705290171100741 0.11985282757046412 0.10656262798618991
9 0.5529947777087021 0.5882833021224622 0.11764304713463343 0.10341107704838123
9 0.5065256158197714 0.39023677398820206 0.11664304713463343 0.10333530157947689
9 0.19294564258351043 0.5042010314412841 0.12806260800629457 0.1101688317374245
9 0.45795179665896435 0.26541757226065493 0.11750319351074655 0.10141107704838123
9 0.4044801400974042 0.37596978842550766 0.122712973946577 0.10478995439290292
9 0.6522740190643981 0.448027318854948 0.11543326669880298 0.10025952611057255
9 0.5513656693472495 0.6690864039980795 0.118712973946577 0.10448685251728557
9 0.14019723933888367 0.4534576051826414 0.1279227543824075 0.10816883173742463
9 0.3530649374666846 0.6440070856861169 0.118712973946577 0.10448685251728557
9 0.5049799071513652 0.31170634570587175 0.11857312032268988 0.10248685251728556
9 0.2496028614373638 0.47029290676211827 0.12806260800629457 0.11016883173742463
9 0.40375711972650974 0.6091443081935249 0.11778290075852055 0.10541107704838124
9 0.408074285052885 0.29581823748769903 0.120712973946577 0.10463840345509424