9 0.7936053216566987 0.4808742459683872 0.12789562788335207 0.0941295179212425
9 0.5208528222133612 0.6753359290870505 0.11370337914802531 0.09088514701224767
9 0.3206590405965286 0.5967576407767661 0.10925479876559643 0.08381532675253447
9 0.4156605734780344 0.6765031472695878 0.11151113041269867 0.08785023688239108
9 0.6393019859372453 0.37356398051494416 0.10493438420671851 0.07874550649282173
9 0.445757281187153 0.37869515298379813 0.10387030129494292 0.07772805142789355
9 0.5243512893318553 0.5973097464896583 0.10831888167737203 0.0847978716876064
9 0.5441275824820959 0.30432720155458653 0.10180621838316756 0.07669314129803706
9 0.41021352597711136 0.7615031472695878 0.1194723740893321 0.10297242233688848
9 0.6274474136995186 0.5976076181772646 0.11244704750092296 0.08686769194731915
9 0.31296832474270775 0.6777140031144454 0.11057521332447424 0.088832781817463
9 0.5349316846423023 0.4478272015545865 0.10393438420671851 0.07872805142789355
9 0.6949950011133249 0.4105763742807808 0.1163188816773718 0.08493751220703212
9 0.7370404723041701 0.4418443971376223 0.10719071585382085 0.0827804166226781
9 0.3324011760679204 0.5228798262312635 0.10612663294204526 0.0817629615577498
9 0.4362073944510878 0.44960787765915705 0.10393438420671851 0.07872805142789355
9 0.5040500698353629 0.27359408882760133 0.1099343842067185 0.0788327818174629
9 0.38546449253894305 0.48376130701013853 0.10906255003026967 0.08081532675253458
9 0.6356880162894045 0.4455814355798724 0.10706255003026968 0.0807804166226781
9 0.2719675583019548 0.637954707790068 0.11763929623624972 0.08995496727196041
9 0.24179085552454666 0.45272159506308285 0.10599846711849409 0.07976296155775003
9 0.28717611943595295 0.48655071064717315 0.10919071585382084 0.08281532675253458
9 0.42328720642007966 0.5965467849319083 0.10831888167737203 0.0847978716876064
9 0.5303817979062371 0.5188272015545865 0.10606255003026968 0.08076296155775003
9 0.5915448878493901 0.33769122726853323 0.10919071585382084 0.0828153267525347
9 0.5790427716264289 0.5562174098659257 0.11344704750092297 0.08688514701224767
9 0.5745122630520471 0.6347261373983897 0.11789562788335206 0.09395496727196041
9 0.2946939647161303 0.4161030758419579 0.10912663294204526 0.0818153267525347
9 0.3485329909959385 0.3805020116857611 0.10287030129494291 0.07771059636296536
9 0.27680581814100996 0.562454707790068 0.11444704750092308 0.08690260207717575
9 0.48917458655444707 0.4119893584380321 0.10719071585382085 0.08278041662267822
9 0.6850427716264289 0.5580676467483168 0.12195971079512764 0.09502478753167315
9 0.17585723775858106 0.5677004737647822 0.11838296458914749 0.08597242233688848
9 0.13188851277371588 0.52738881324562 0.10712663294204526 0.08178041662267833
9 0.23267688587670593 0.5246430472709058 0.10925479876559638 0.0838153267525347
9 0.5389495299224797 0.3773184740221224 0.10593438420671851 0.07876296155775003
9 0.48190040962716746 0.48644572077571147 0.10919071585382073 0.0828153267525347
9 0.4558570546592833 0.23671260804872638 0.10299846711849409 0.0797105963629653
9 0.4004040587316344 0.3443660373997078 0.10599846711849409 0.07976296155775003
9 0.6315740466415639 0.5175901631123365 0.10912663294204526 0.08181532675253447
9 0.49775651474640004 0.340559178697745 0.10606255003026968 0.08076296155775003
9 0.07703529031819732 0.4928938745447116 0.13144704750092306 0.08719933818095546
9 0.4514032922908815 0.30621260804872635 0.10187030129494291 0.07769314129803706
9 0.3565011326393485 0.7170169361011435 0.12095971079512764 0.09500733246674509
9 0.7360740466415638 0.5194142173973352 0.1143188816773718 0.08490260207717575
9 0.371935516846067 0.6402002142828898 0.11657521332447414 0.08893751220703211
9 0.47344818014027157 0.6339631758406397 0.11563929623624972 0.08992005714210381
9 0.3012438514521955 0.3451379859718143 0.10906255003026967 0.08081532675253471
9 0.5816887827301576 0.4836824997360692 0.1133188816773718 0.08488514701224745
9 0.3399831042598734 0.4514321914260482 0.10493438420671851 0.07874550649282173
9 0.6859771558331477 0.4809978264886038 0.11844704750092297 0.08697242233688872
9 0.3930143792750082 0.41281367220492315 0.11019071585382084 0.08283278181746277
9 0.4281254662591349 0.5210467849319083 0.10693438420671851 0.07878041662267833
9 0.19619396471613035 0.41438375194652843 0.10831888167737196 0.0847978716876064
9 0.22233862603765073 0.6000470444138006 0.11025479876559643 0.08383278181746277
9 0.46912929846289964 0.716980630905568 0.12602379370690311 0.09609460779138612
9 0.47931848143521455 0.5579806309055679 0.1113829645891475 0.08585023688239107
9 0.5882707109221105 0.4122174098659256 0.10919071585382084 0.0828153267525347
9 0.19091978778885071 0.48887502441406433 0.11012663294204526 0.08183278181746277
9 0.37696602542044894 0.5617002142828897 0.11244704750092308 0.08686769194731937
9 0.14209860678921996 0.4539848161027252 0.10606255003026968 0.08076296155775003
9 0.2555009495400507 0.3793786906474368 0.10187030129494298 0.07769314129803706
9 0.3536469606437792 0.3085107392182252 0.10380621838316745 0.07672805142789355
9 0.40705006983536296 0.2719009475295643 0.10606255003026968 0.08076296155775003