9 0.44169941707792193 0.7446487353180093 0.11597134313919889 0.09962202250184282
9 0.6494732716188951 0.695843878142542 0.11028936391905972 0.09027238844212525
9 0.37156278504435686 0.7548237852939071 0.10944091485686852 0.09220246163018146
9 0.7898906271717119 0.6669588147847746 0.11813781298125105 0.08883180293767327
9 0.5793062113029996 0.7130538915244115 0.11874401673248576 0.09683180293767327
9 0.5545117498271902 0.6555260139780499 0.10491048657453803 0.08492275438240768
9 0.5111316915349825 0.7238687951241963 0.11028936391905995 0.09027238844212503
9 0.3061489723345984 0.5899044573682852 0.10598626204344248 0.08599268119435101
9 0.502554361352387 0.385991283518117 0.09838005829220776 0.07750319351074654
9 0.6173028851677793 0.4769524277632818 0.10268316016782501 0.08178290075852056
9 0.5657667688548563 0.3743267458586147 0.10268316016782501 0.08178290075852056
9 0.5472799163375708 0.4856274777391795 0.10053160923001656 0.07964304713463344
9 0.31004572095257904 0.43234504287273706 0.10060738469892078 0.08064304713463344
9 0.6338580537018474 0.3579768788528581 0.09845583376111199 0.07850319351074654
9 0.3527683235685475 0.6977154686192064 0.10928936391905984 0.09020246163018146
9 0.3255570970137643 0.6455477374489577 0.10375893563672957 0.08285282757046389
9 0.3307873757896926 0.47702328635938135 0.10153160923001645 0.07971297394657699
9 0.6220651469397291 0.6396411835663214 0.11213781298125104 0.08841224206601192
9 0.35200155471369116 0.3628973715086752 0.10206203751234683 0.086712973946577
9 0.22431152556758724 0.3896565200157364 0.10091048657453815 0.08464304713463343
9 0.4156322820088255 0.6840159675537324 0.10698626204344248 0.08606260800629456
9 0.7196099036524601 0.6856688281666443 0.11866824126358143 0.09583180293767328
9 0.37589926757151987 0.5781944439864155 0.10068316016782512 0.08164304713463344
9 0.7063327229762665 0.5093157676501412 0.11283471110563369 0.0844821688779557
9 0.4411495628084414 0.5661697599508002 0.1038347111056338 0.08385282757046389
9 0.37371278126847435 0.4146805052132347 0.09845583376111222 0.07850319351074654
9 0.4374251887709438 0.40305093095970407 0.10168316016782512 0.08171297394657699
9 0.19914269383016267 0.5095376910246403 0.09738005829220782 0.07743326669880299
9 0.3960347186573988 0.6308726874730598 0.10591048657453814 0.08499268119435101
9 0.694353329911103 0.6276059872143107 0.10791048657453803 0.08513253481823813
9 0.467163891238842 0.6142326009031337 0.10483471110563392 0.08392275438240768
9 0.26846130508386673 0.4902577508308271 0.10368316016782524 0.08185282757046411
9 0.3984240078232576 0.4666734193536248 0.10360738469892078 0.080852827570464
9 0.28755886843529344 0.5433660675055278 0.10160738469892078 0.08071297394657699
9 0.4608258539979878 0.4524389548821789 0.10038005829220788 0.07764304713463344
9 0.349809163672215 0.531131603034082 0.10375893563672946 0.08285282757046389
9 0.4819538456317449 0.4986521617747949 0.10375893563672957 0.08285282757046411
9 0.5713321325024235 0.5330504650676261 0.10568316016782524 0.081992681194351
9 0.21669490999501542 0.5565061540754539 0.10375893563672951 0.08285282757046389
9 0.4867614545902687 0.6673758809838064 0.11021358845015561 0.08927238844212525
9 0.5911674340819004 0.4238546234049764 0.10053160923001656 0.07964304713463344
9 0.7338091636722149 0.55798349882039 0.10060738469892067 0.08064304713463344
9 0.6604147769496067 0.5779837317664289 0.10906203751234671 0.08720246163018146
9 0.2795180283316259 0.7091807381592737 0.10091048657453815 0.08464304713463343
9 0.24940908891901398 0.4431843975620982 0.09838005829220776 0.07750319351074643
9 0.5268413633760745 0.43694923425253535 0.10575893563672935 0.082992681194351
9 0.6820078332181269 0.45885781691572286 0.10253160923001656 0.07978290075852056
9 0.41756241127835186 0.35340765087903164 0.09945583376111222 0.07857312032268998
9 0.6391582032082495 0.5202005980618696 0.10460738469892067 0.08092275438240745
9 0.4195898871914669 0.5123866262462407 0.09845583376111222 0.07850319351074632
9 0.505399858045363 0.5540751491032414 0.09953160923001655 0.07957312032268987
9 0.598664481712685 0.5902531596438466 0.10575893563672957 0.082992681194351
9 0.527300523272407 0.6033582828078008 0.10898626204344236 0.08620246163018146
9 0.18304513047873594 0.45663915478577 0.09460738469892079 0.08022348626297242
9 0.24332290162877251 0.6031039584337593 0.09960738469892078 0.0805731203226901
9 0.4800021451875342 0.3386731864075857 0.10091048657453826 0.08464304713463343
9 0.6567208311944394 0.4078299393693611 0.10875893563672935 0.08320246163018158
9 0.2561173631045819 0.659792714236799 0.10913781298125116 0.08820246163018146
9 0.54432821589336 0.32557857556002695 0.10038005829220766 0.07764304713463344
9 0.15560657751723972 0.4074714236155212 0.10145583376111215 0.07871297394657699
9 0.28675871892889143 0.3814570189502623 0.09945583376111222 0.07857312032268987
9 0.3049031841805834 0.7788135059235508 0.11357754689043349 0.10741224206601215
9 0.6100710516781599 0.3070538915244116 0.1060620375123467 0.08699268119435101
9 0.7569899619446678 0.6169064861488366 0.11091048657453803 0.08534231525406857