8 0.903744898 0.966418208 0.943549187 0.304034552 0.180346363 0.23089869 0.074224224 0.7491893270000001 0.903744898 0.966418208
10 0.8479349190000001 0.348255711 0.234394825 0.283370577 0.149503851 0.719765845 0.809098926 0.876640716 0.8479349190000001 0.348255711
9 0.16339868300000002 0.6593335859999999 0.225297155 0.671796434 0.23842036 0.617081276 0.17526162099999998 0.60030179 0.16339868300000002 0.6593335859999999
9 0.248561658 0.55932302 0.186529871 0.548006473 0.173341104 0.6024283229999999 0.23721578299999999 0.613127674 0.248561658 0.55932302
9 0.25027193600000003 0.559923828 0.258702956 0.5015647630000001 0.191559998 0.490254368 0.181705074 0.5455805699999999 0.25027193600000003 0.559923828
9 0.268271503 0.448670615 0.202836858 0.437890628 0.191703186 0.48903834 0.258702956 0.5015647630000001 0.268271503 0.448670615
9 0.20951778100000001 0.437896141 0.271539784 0.449281659 0.27961737799999997 0.394865962 0.214108561 0.383861088 0.20951778100000001 0.437896141
9 0.282649362 0.340749723 0.221470215 0.335525526 0.215599513 0.385382638 0.27158986199999996 0.392122322 0.282649362 0.340749723
9 0.284377045 0.341214491 0.293852049 0.288161096 0.231181949 0.281415349 0.22161340300000001 0.334309499 0.284377045 0.341214491
9 0.227992685 0.677271587 0.300116178 0.689868856 0.313590834 0.631135312 0.24360915700000002 0.615565791 0.227992685 0.677271587
9 0.322241179 0.571855505 0.253684037 0.5593181949999999 0.240197688 0.616170772 0.31195669299999995 0.6308297900000001 0.322241179 0.571855505
9 0.324018508 0.5709450020000001 0.332332157 0.51557475 0.260337097 0.501870285 0.254036832 0.5553754790000001 0.324018508 0.5709450020000001
9 0.33868274400000004 0.460592055 0.26835661099999997 0.44889677699999997 0.26197123800000005 0.5021758080000001 0.332525666 0.512881222 0.33868274400000004 0.460592055
9 0.340414012 0.46112521700000003 0.348680854 0.404049826 0.27485814399999997 0.392733367 0.268271503 0.448670615 0.340414012 0.46112521700000003
9 0.35824940099999997 0.351155677 0.292405828 0.343959138 0.278126425 0.393344412 0.351805948 0.405876898 0.35824940099999997 0.351155677
9 0.35849868700000004 0.350098164 0.36618380700000003 0.297956006 0.293708862 0.289377124 0.287551784 0.341666291 0.35849868700000004 0.350098164
9 0.39606389000000003 0.583171964 0.32247261400000005 0.5709354889999999 0.313734022 0.6299192849999999 0.39039545 0.6454948699999999 0.39606389000000003 0.583171964
9 0.399188982 0.584999037 0.405880693 0.529325544 0.334159807 0.5131867449999999 0.324018508 0.5709450020000001 0.399188982 0.584999037
9 0.412362265 0.473124541 0.34012745899999997 0.463558778 0.334302994 0.511970717 0.406205187 0.5254137080000001 0.412362265 0.473124541
9 0.41275796600000003 0.470920098 0.42236037499999995 0.416582312 0.34704671400000003 0.403744303 0.337048603 0.460286533 0.41275796600000003 0.470920098
9 0.430581159 0.360950587 0.359989823 0.351620519 0.350314995 0.404355348 0.418948906 0.417187294 0.430581159 0.360950587
9 0.428635123 0.364454593 0.43539047 0.305923844 0.364549666 0.297650483 0.35469474300000003 0.352976686 0.428635123 0.364454593
9 0.477627739 0.599664117 0.484762295 0.540342718 0.407552952 0.5281512850000001 0.39769803000000004 0.583477486 0.477627739 0.599664117
9 0.40780165799999996 0.527197556 0.48108928700000003 0.541899798 0.491373773 0.48292551300000003 0.41250545299999997 0.471908514 0.40780165799999996 0.527197556
9 0.491353015 0.48437083200000003 0.491710227 0.423334121 0.42072623499999995 0.41627679 0.412362265 0.473124541 0.491353015 0.48437083200000003
9 0.506181195 0.37135654 0.430699365 0.361109826 0.420869422 0.415060762 0.49781722700000003 0.428204292 0.506181195 0.37135654
9 0.504821007 0.3699935 0.5131974 0.311771211 0.43582003300000005 0.302275761 0.427312876 0.360339541 0.504821007 0.3699935
9 0.583844939 0.378419936 0.509724243 0.37091021999999996 0.49810360200000003 0.425772238 0.5720694999999999 0.435872669 0.583844939 0.378419936
9 0.5854802969999999 0.380099467 0.5907179549999999 0.320050634 0.511706448 0.310249662 0.504547055 0.371051018 0.5854802969999999 0.380099467
9 0.640898627 0.631432395 0.648346763 0.569683258 0.5647168410000001 0.55504939 0.552368651 0.617366234 0.640898627 0.631432395
9 0.65194913 0.509218638 0.57350344 0.49599915099999997 0.563082701 0.554743868 0.645219301 0.5663719119999999 0.65194913 0.509218638
9 0.655224036 0.511277812 0.659108523 0.448417281 0.57874925 0.435878733 0.569669341 0.498806621 0.655224036 0.511277812
9 0.582158401 0.43668249800000003 0.657188007 0.450543814 0.66761568 0.390353503 0.584274502 0.37477185500000004 0.582158401 0.43668249800000003
9 0.666282864 0.388988653 0.6713636040000001 0.330157128 0.5907179549999999 0.320050634 0.582210797 0.378114414 0.666282864 0.388988653
9 0.659405591 0.447394099 0.747781688 0.46126741600000004 0.753593316 0.397728482 0.662856446 0.38822090800000003 0.659405591 0.447394099
9 0.7502109779999999 0.39970576599999996 0.7570548619999999 0.339964163 0.671506791 0.328941101 0.666124727 0.388831952 0.7502109779999999 0.39970576599999996
9 0.748236941 0.459027932 0.8400095089999999 0.472296541 0.842839231 0.40571450800000003 0.753736503 0.396512455 0.748236941 0.459027932
9 0.851395942 0.348983752 0.7607527079999999 0.336927127 0.75494108 0.40046606 0.842552855 0.408146563 0.851395942 0.348983752
9 0.555636932 0.617977279 0.562927514 0.557443792 0.48450075600000003 0.541294815 0.474073082 0.601485126 0.555636932 0.617977279
9 0.491230585 0.484141541 0.484762295 0.540342718 0.562939512 0.555959896 0.569955717 0.496374567 0.491230585 0.484141541
9 0.565044828 0.496904846 0.5750514050000001 0.438915769 0.5031492129999999 0.425472779 0.49094421 0.486573594 0.565044828 0.496904846
9 0.737374461 0.5229061309999999 0.7446565940000001 0.459440343 0.660742663 0.448722804 0.6518059429999999 0.510434665 0.737374461 0.5229061309999999
9 0.834091318 0.538501391 0.835250275 0.470163946 0.746433923 0.458529839 0.742256436 0.522374294 0.834091318 0.538501391
9 0.826784215 0.600557177 0.8324205530000001 0.536745978 0.742399624 0.521158268 0.733749279 0.580438073 0.826784215 0.600557177
9 0.7304899930000001 0.650668188 0.7333361820000001 0.5855730650000001 0.645076114 0.56758794 0.640898627 0.631432395 0.7304899930000001 0.650668188
9 0.7416836849999999 0.5272384029999999 0.653589624 0.510972238 0.647139818 0.5642453799999999 0.736874373 0.582265146 0.7416836849999999 0.5272384029999999
9 0.823636017 0.668082972 0.8264976629999999 0.6029907369999999 0.738365325 0.583786695 0.732267322 0.649757683 0.823636017 0.668082972
9 0.8191958570000001 0.7359308569999999 0.8254133450000001 0.667172466 0.727508087 0.647625088 0.7242488029999999 0.717855202 0.8191958570000001 0.7359308569999999
9 0.72899904 0.649146638 0.63762756 0.6323446770000001 0.631532342 0.696792338 0.724535178 0.715423148 0.72899904 0.649146638
9 0.640898627 0.631432395 0.554272553 0.616760444 0.5483343509999999 0.6799946619999999 0.634657437 0.698619409 0.640898627 0.631432395
9 0.540576378 0.747261492 0.548620728 0.6775626079999999 0.46869101799999996 0.661375978 0.46124525 0.724609388 0.540576378 0.747261492
9 0.552368651 0.617366234 0.47745519200000003 0.602398503 0.470325159 0.6616815 0.548763915 0.676346581 0.552368651 0.617366234
9 0.47585041100000003 0.600574622 0.399146697 0.58651421 0.388761309 0.6451893479999999 0.470325159 0.6616815 0.47585041100000003 0.600574622
9 0.378138121 0.70818671 0.388904497 0.643973321 0.313590834 0.631135312 0.301242643 0.6934521549999999 0.378138121 0.70818671
9 0.461206575 0.726204504 0.46691369 0.6622864829999999 0.391886403 0.6470164190000001 0.3796814 0.7081172360000001 0.461206575 0.726204504
9 0.625422521 0.764368078 0.631389154 0.698008364 0.5483343509999999 0.6799946619999999 0.542522725 0.7435335949999999 0.625422521 0.764368078
9 0.718010894 0.786652871 0.723962426 0.7202872549999999 0.6362915779999999 0.698924932 0.625291151 0.763979352 0.718010894 0.786652871
9 0.822583623 0.733754498 0.7242488029999999 0.717855202 0.71978494 0.784131711 0.813992353 0.806716126 0.822583623 0.733754498
9 0.805844605 0.8776884979999999 0.811642273 0.8124907379999999 0.720703141 0.79051737 0.714605138 0.8564883569999999 0.805844605 0.8776884979999999
9 0.716230283 0.785952721 0.631398151 0.768849523 0.620397726 0.833903943 0.713114186 0.854966807 0.716230283 0.785952721
9 0.6251479640000001 0.765195379 0.540576378 0.747261492 0.5325836890000001 0.813757646 0.620540914 0.832687916 0.6251479640000001 0.765195379
9 0.5408885840000001 0.743228072 0.46433212300000004 0.72803243 0.45500405899999996 0.7917964019999999 0.5296017829999999 0.810714547 0.5408885840000001 0.743228072
9 0.462593015 0.727346965 0.38126366899999997 0.710014637 0.372235632 0.771350646 0.455147247 0.790580376 0.462593015 0.727346965
9 0.376413118 0.7075061909999999 0.308001686 0.693830281 0.29436962699999997 0.751821458 0.37060149200000003 0.771045124 0.376413118 0.7075061909999999
9 0.299751691 0.691930606 0.229340451 0.680009166 0.22289699799999999 0.734730386 0.29259229800000003 0.7527319619999999 0.299751691 0.691930606
9 0.228422248 0.6736235070000001 0.162968853 0.662983927 0.15291532000000002 0.7191608629999999 0.221119669 0.73564089 0.228422248 0.6736235070000001