9 0.5584996498462227 0.6022070482726037 0.11218787428542237 0.09848215653208513
9 0.7120703117305783 0.6544209471011764 0.11218787428542237 0.09848215653208513
9 0.6659431339189116 0.6900058438556491 0.11223442480213362 0.10048215653208535
9 0.7563255034632005 0.6242545565915748 0.11221114954377799 0.09948215653208535
9 0.6435316363512448 0.45681314693705405 0.11009477325199987 0.09440066277695633
9 0.5522307302112005 0.5260236873235639 0.11114132376871112 0.09644140965452085
9 0.332262298661578 0.3467223617696512 0.11718787428542236 0.09868589091990725
9 0.6388209048621113 0.38319090630436087 0.11014132376871112 0.09640066277695633
9 0.5007415317310893 0.48146597000656116 0.11316459902706674 0.09752290340964964
9 0.7994294060165116 0.5875474192044089 0.11111804851035549 0.09544140965452061
9 0.5916471765337338 0.41673505618126916 0.11114132376871112 0.09644140965452072
9 0.4457988837676893 0.43876563861808304 0.11518787428542236 0.09860439716477845
9 0.505091914770356 0.5610678372004723 0.11111804851035573 0.09544140965452061
9 0.658139301396356 0.6122613625902626 0.11016459902706674 0.09740066277695632
9 0.8373807652265782 0.4796976677457675 0.1060714979936447 0.09323767526669871
9 0.6488703817613337 0.5359557610085295 0.11014132376871112 0.09640066277695633
9 0.7927070368982004 0.5133436848165868 0.10811804851035549 0.09531916902182752
9 0.5963695456520448 0.49085729681396234 0.11116459902706674 0.09744140965452072
9 0.5873084311236447 0.33763318898735817 0.11116459902706674 0.09744140965452083
9 0.8440914967157116 0.5534014021335895 0.11118787428542237 0.09844140965452061
9 0.4034755384785782 0.5519320291276845 0.11930425057720004 0.10376738467503606
9 0.4520678034027115 0.5149489995671229 0.11521114954377777 0.09960439716477822
9 0.3425777688133114 0.4250687102289487 0.11925770006048901 0.10176738467503606
9 0.5444967234637116 0.45127920605817745 0.11321114954377799 0.09952290340964964
9 0.7349838316706002 0.39410260655054424 0.10602494747693345 0.09123767526669871
9 0.622862506623956 0.727712981242815 0.11728097531884442 0.10268589091990725
9 0.6285868981146225 0.30834455784506337 0.10911804851035549 0.09535991589939193
9 0.7416945631597337 0.46780634093836637 0.11014132376871112 0.09640066277695633
9 0.704301392095556 0.57817646583579 0.11016459902706674 0.09740066277695632
9 0.34749797762764484 0.507690950861642 0.12028097531884453 0.10280813155260046
9 0.4632918447396005 0.6752546011488559 0.11832752583555566 0.10472663779747154
9 0.235391566746467 0.41270879432955676 0.12432752583555566 0.10497111906285807
9 0.781891566746467 0.4349769629185072 0.10707149799364447 0.093278422144263
9 0.3971600683268448 0.47374866817864464 0.11723442480213339 0.10068589091990714
9 0.6935324724605336 0.5018097439377102 0.11114132376871112 0.09644140965452085
9 0.6804829955613113 0.34892264860084826 0.10909477325199987 0.09435991589939192
9 0.887776862673267 0.5202146381852057 0.10704822273528908 0.092278422144263
9 0.5109073849220894 0.6392308247107299 0.11628097531884453 0.10264514404234273
9 0.2841351208499114 0.38222576476899506 0.11828097531884453 0.10272663779747154
9 0.7459518451655782 0.5434082081322773 0.10816459902706674 0.09731916902182752
9 0.5760511491178002 0.2617460936504962 0.10914132376871112 0.09635991589939193
9 0.5235968635252224 0.21864762945592908 0.11416459902706674 0.09756365028721399
9 0.49098424972524474 0.40563999498604586 0.11421114954377788 0.09956365028721394
9 0.3872514971416892 0.3914226931581294 0.11723442480213339 0.10068589091990725
9 0.5742935169581783 0.7656960108033767 0.11628097531884442 0.10264514404234273
9 0.5188508689947784 0.7229753059761163 0.11528097531884464 0.10260439716477822
9 0.2968126116700893 0.5405924866670748 0.12232752583555566 0.10488962530772915
9 0.3538367230377338 0.5868743118106817 0.12030425057720004 0.10380813155260057
9 0.48519205483186695 0.32847700747578823 0.11421114954377777 0.09956365028721394
9 0.38194766461913354 0.31378007908665395 0.11521114954377777 0.09960439716477845
9 0.5669431339189116 0.6859719029767725 0.11528097531884442 0.10260439716477844
9 0.6036501029162448 0.5675814046405667 0.11321114954377799 0.09952290340964964
9 0.5391463404244449 0.371636591986702 0.11221114954377799 0.09948215653208513
9 0.23833505081915599 0.49624954120712117 0.12335080109391117 0.10593037218529366
9 0.47934167179260023 0.2488140199655306 0.11316459902706674 0.09752290340964959
9 0.4364950512451336 0.36096003703634993 0.11823442480213339 0.10072663779747154
9 0.6892286399379782 0.4242078767437992 0.11114132376871112 0.09644140965452085
9 0.6095237612138672 0.6482443921508243 0.11423442480213339 0.10056365028721394
9 0.18125275130562257 0.4474677160635142 0.1233042505772001 0.10393037218529366
9 0.41029100863031165 0.6301357635155066 0.11423442480213339 0.10056365028721394
9 0.5303308702727113 0.29335136384375116 0.11418787428542236 0.09856365028721394
9 0.29145059100164483 0.46044987259559933 0.12335080109391129 0.10593037218529366
9 0.4573949111836227 0.5935916136385984 0.1132577000604889 0.10152290340964965
9 0.4326330305766891 0.2808785432812211 0.11623442480213339 0.10064514404234284