9 0.3436847761804861 0.3825 0.08279454491286492 0.06
9 0.4915436703410662 0.407 0.08070139341576942 0.058
9 0.3631669285713545 0.4795 0.08584112066141267 0.061
9 0.5733203676447995 0.444 0.08265481766722178 0.057
9 0.5474080788767528 0.3455 0.08065481766722155 0.057
9 0.5585792914493655 0.3955 0.08488769640996043 0.062
9 0.5535271272157472 0.665 0.09216715090124694 0.068
9 0.42272859474148067 0.4245 0.08393427215850818 0.063
9 0.39186962647093637 0.5825 0.08798084790705593 0.064
9 0.7221559739311058 0.469 0.08788769640996043 0.062
9 0.6980750815580714 0.6425 0.09321372664979481 0.069
9 0.41031615775350566 0.691 0.08916715090124694 0.068
9 0.2785792914493654 0.3955 0.08079454491286492 0.06
9 0.63070806405476 0.382 0.08279454491286492 0.06
9 0.5151997924921005 0.511 0.08274796916431705 0.059
9 0.44411759563525355 0.5235 0.08498084790705593 0.064
9 0.46992179070455464 0.313 0.08179454491286492 0.06
9 0.5386819448829687 0.608 0.0889342721585083 0.063
9 0.6285627483240462 0.6535 0.09007399940415144 0.066
9 0.34261752152528935 0.706 0.08602742365560358 0.065
9 0.48132588201990595 0.358 0.08284112066141255 0.061
9 0.6027259116638916 0.285 0.08274796916431705 0.059
9 0.6163738363622303 0.3355 0.08484112066141279 0.061
9 0.31733400536263723 0.594 0.08388769640996042 0.062
9 0.5370272754356754 0.3 0.08588769640996043 0.062
9 0.41174368516305915 0.3705 0.08170139341576942 0.058
9 0.20282588201990595 0.358 0.08174796916431717 0.059
9 0.3266326119468678 0.652 0.08707399940415143 0.066
9 0.6918601245344285 0.368 0.08488769640996043 0.062
9 0.47150659652902643 0.6225 0.08907399940415144 0.066
9 0.45342853545350936 0.5705 0.08484112066141268 0.061
9 0.28920392827343017 0.4465 0.08384112066141268 0.061
9 0.48651479398172187 0.676 0.08802742365560369 0.065
9 0.43622583755392746 0.4675 0.08260824191867391 0.056
9 0.6777764749738409 0.5845 0.08688769640996043 0.062
9 0.40244768754645344 0.6345 0.08493427215850818 0.063
9 0.3583559887530987 0.4325 0.08270139341576942 0.058
9 0.3786285502755022 0.534 0.08279454491286492 0.06
9 0.5950463534186554 0.5465 0.08479454491286492 0.06
9 0.2420340201846301 0.5575 0.07970139341576941 0.058
9 0.6382628372560032 0.4345 0.08584112066141279 0.061
9 0.660965535155585 0.5375 0.09298084790705594 0.064
9 0.6117641417398156 0.5955 0.09316715090124694 0.068
9 0.584991580217412 0.494 0.08488769640996043 0.062
9 0.7089381856099456 0.42 0.08374796916431705 0.059
9 0.29860801958878147 0.4915 0.08179454491286492 0.06
9 0.7702737177862877 0.6275 0.0910274236556038 0.065
9 0.30849977767010756 0.5475 0.08588769640996043 0.062
9 0.2621668544613904 0.662 0.08198084790705593 0.064
9 0.22576145866222658 0.456 0.07765481766722167 0.057
9 0.2255258227319346 0.504 0.07979454491286492 0.06
9 0.5062381707879527 0.4565 0.08484112066141268 0.061
9 0.6840724725904466 0.3205 0.08079454491286492 0.06
9 0.6496436406970806 0.48 0.08279454491286492 0.06
9 0.5254874444360823 0.5585 0.08593427215850806 0.063
9 0.2145203824667924 0.4075 0.07779454491286492 0.06
9 0.26986150312820506 0.3465 0.08602742365560369 0.065
9 0.40440945747052937 0.324 0.08898084790705593 0.064
9 0.3358505484879564 0.336 0.07960824191867391 0.056
9 0.2700586125427164 0.718 0.08212057515269919 0.067
9 0.7371175956352536 0.5235 0.08674796916431705 0.059
9 0.6728779721435602 0.271 0.08707399940415143 0.066
9 0.253321672128612 0.605 0.08388769640996042 0.062
9 0.7507422324593183 0.5745 0.08388769640996042 0.062