9 0.634 0.3585 0.089 0.0665
9 0.3205 0.33 0.0885 0.0655
9 0.2395 0.3235 0.08 0.0615
9 0.3315 0.273 0.088 0.0595
9 0.769 0.6215 0.0935 0.0695
9 0.8105 0.3125 0.0835 0.0615
9 0.3715 0.453 0.088 0.0625
9 0.5435 0.41 0.089 0.0655
9 0.509 0.595 0.09 0.0675
9 0.6475 0.3005 0.0855 0.062
9 0.346 0.5755 0.0925 0.0675
9 0.397 0.3375 0.085 0.062
9 0.423 0.2225 0.0865 0.059
9 0.6245 0.421 0.0875 0.063
9 0.299 0.448 0.0905 0.0685
9 0.4985 0.658 0.096 0.0715
9 0.4885 0.2865 0.083 0.061
9 0.215 0.439 0.09 0.0625
9 0.357 0.5145 0.093 0.069
9 0.265 0.568 0.0945 0.07
9 0.533 0.4695 0.0875 0.062
9 0.528 0.534 0.0945 0.069
9 0.304 0.3885 0.089 0.0615
9 0.473 0.344 0.0885 0.0655
9 0.71 0.429 0.0935 0.0665
9 0.668 0.678 0.092 0.074
9 0.4435 0.5265 0.0875 0.0645
9 0.5965 0.602 0.0955 0.0725
9 0.715 0.3655 0.087 0.063
9 0.206 0.496 0.095 0.071
9 0.4635 0.4065 0.085 0.062
9 0.555 0.3525 0.088 0.061
9 0.699 0.4855 0.0905 0.0645
9 0.605 0.543 0.091 0.0665
9 0.566 0.298 0.0865 0.066
9 0.496 0.229 0.0845 0.064
9 0.58 0.6685 0.088 0.0685
9 0.777 0.5585 0.0905 0.0665
9 0.799 0.371 0.087 0.065
9 0.453 0.4625 0.0915 0.066
9 0.4125 0.649 0.089 0.0665
9 0.2475 0.629 0.0925 0.067
9 0.2845 0.509 0.0895 0.064
9 0.817 0.257 0.08 0.0635
9 0.736 0.2515 0.0845 0.058
9 0.331 0.638 0.0935 0.0725
9 0.4305 0.5835 0.0945 0.069
9 0.656 0.2435 0.087 0.0635
9 0.2275 0.376 0.0905 0.0665
9 0.7315 0.31 0.0885 0.064
9 0.6775 0.6145 0.092 0.0695
9 0.791 0.435 0.083 0.062
9 0.573 0.236 0.0815 0.0595
9 0.6125 0.4775 0.0915 0.066
9 0.3405 0.2155 0.085 0.063
9 0.383 0.3935 0.086 0.067
9 0.189 0.5595 0.0875 0.0635
9 0.261 0.2085 0.0825 0.0595
9 0.2565 0.266 0.0875 0.0655
9 0.4125 0.2835 0.0855 0.0635
9 0.164 0.618 0.092 0.071
9 0.783 0.493 0.088 0.068
9 0.6905 0.552 0.0915 0.071
9 0.7525 0.6855 0.0885 0.069