9 0.45 0.707 0.107 0.0825
9 0.762 0.4005 0.095 0.0725
9 0.436 0.2925 0.0895 0.068
9 0.1595 0.466 0.0935 0.071
9 0.6455 0.3405 0.094 0.069
9 0.3835 0.596 0.0955 0.0745
9 0.3935 0.6735 0.098 0.077
9 0.534 0.283 0.0925 0.068
9 0.419 0.4785 0.1 0.073
9 0.318 0.4885 0.0985 0.0755
9 0.509 0.7475 0.1 0.0885
9 0.603 0.6555 0.1005 0.0825
9 0.8305 0.4365 0.1215 0.0845
9 0.263 0.4545 0.0955 0.071
9 0.301 0.344 0.101 0.072
9 0.2805 0.6055 0.0985 0.0755
9 0.6295 0.5315 0.1025 0.077
9 0.273 0.531 0.0955 0.073
9 0.3045 0.417 0.1 0.073
9 0.4045 0.404 0.098 0.073
9 0.547 0.351 0.0935 0.0695
9 0.4765 0.2555 0.0975 0.071
9 0.6595 0.4155 0.0975 0.071
9 0.3745 0.5185 0.0955 0.073
9 0.503 0.6645 0.102 0.0745
9 0.329 0.5635 0.0995 0.0745
9 0.393 0.3345 0.0965 0.071
9 0.5145 0.466 0.0985 0.075
9 0.448 0.3655 0.0945 0.0695
9 0.532 0.5435 0.0985 0.074
9 0.4905 0.3235 0.097 0.072
9 0.5885 0.573 0.098 0.0755
9 0.503 0.3945 0.097 0.0735
9 0.1095 0.5135 0.121 0.077
9 0.2245 0.572 0.1025 0.077
9 0.4865 0.5815 0.096 0.0725
9 0.216 0.5015 0.098 0.0755
9 0.5435 0.6175 0.102 0.0785
9 0.5585 0.426 0.0935 0.0695
9 0.735 0.521 0.108 0.0825
9 0.4585 0.435 0.0935 0.0695
9 0.705 0.374 0.102 0.0745
9 0.693 0.564 0.1005 0.077
9 0.65 0.61 0.109 0.084
9 0.3635 0.446 0.0955 0.07
9 0.4305 0.5525 0.099 0.075
9 0.3375 0.6425 0.103 0.075
9 0.35 0.3745 0.0945 0.0685
9 0.4705 0.508 0.095 0.0705
9 0.5885 0.3125 0.0995 0.074
9 0.6745 0.488 0.098 0.073
9 0.4415 0.6265 0.103 0.079
9 0.7175 0.4455 0.1015 0.076
9 0.778 0.478 0.101 0.0745
9 0.599 0.381 0.099 0.07
9 0.572 0.4975 0.0955 0.0715
9 0.1695 0.54 0.098 0.073
9 0.615 0.4545 0.1035 0.0755
9 0.3385 0.3015 0.095 0.0685
9 0.3765 0.2625 0.099 0.071
9 0.2075 0.425 0.1005 0.0735
9 0.4225 0.2225 0.0935 0.068
9 0.25 0.3815 0.095 0.067
9 0.559 0.701 0.11 0.087