9 0.51 0.71 0.103 0.0855
9 0.7085 0.633 0.0985 0.076
9 0.4425 0.7295 0.098 0.078
9 0.843 0.585 0.1075 0.0735
9 0.6415 0.6595 0.107 0.082
9 0.6085 0.606 0.0945 0.072
9 0.5755 0.6795 0.099 0.076
9 0.354 0.576 0.095 0.0725
9 0.5185 0.3475 0.089 0.0645
9 0.645 0.421 0.0925 0.0685
9 0.579 0.327 0.092 0.069
9 0.577 0.4395 0.091 0.0665
9 0.335 0.42 0.0905 0.068
9 0.644 0.3015 0.0885 0.0655
9 0.4155 0.676 0.0975 0.076
9 0.381 0.628 0.093 0.07
9 0.362 0.461 0.0915 0.0665
9 0.673 0.581 0.101 0.074
9 0.3665 0.3455 0.091 0.0735
9 0.244 0.3895 0.0905 0.072
9 0.4755 0.6535 0.096 0.072
9 0.776 0.613 0.107 0.081
9 0.421 0.5545 0.0905 0.0685
9 0.7375 0.441 0.102 0.07
9 0.484 0.5335 0.093 0.071
9 0.3955 0.3935 0.089 0.0655
9 0.4565 0.373 0.091 0.0685
9 0.2365 0.5115 0.0875 0.0655
9 0.4485 0.604 0.095 0.072
9 0.7425 0.559 0.097 0.0715
9 0.5165 0.5775 0.094 0.0705
9 0.3025 0.4825 0.0935 0.0685
9 0.427 0.4415 0.094 0.0675
9 0.329 0.5325 0.0915 0.0675
9 0.487 0.4185 0.0905 0.065
9 0.3885 0.512 0.0935 0.0695
9 0.5145 0.4615 0.0935 0.0695
9 0.6075 0.483 0.095 0.069
9 0.261 0.5555 0.093 0.07
9 0.5435 0.6275 0.099 0.075
9 0.6115 0.3725 0.0905 0.0665
9 0.7715 0.485 0.091 0.0675
9 0.702 0.515 0.098 0.073
9 0.345 0.6975 0.0905 0.072
9 0.2765 0.439 0.0885 0.065
9 0.55 0.3945 0.095 0.0695
9 0.706 0.3945 0.093 0.067
9 0.43 0.327 0.0895 0.0655
9 0.6725 0.461 0.0945 0.068
9 0.4545 0.4835 0.0885 0.066
9 0.5455 0.513 0.09 0.0665
9 0.643 0.5355 0.0955 0.07
9 0.5745 0.5585 0.0985 0.072
9 0.213 0.4615 0.084 0.068
9 0.294 0.5975 0.09 0.0675
9 0.4895 0.304 0.09 0.0715
9 0.674 0.3475 0.098 0.069
9 0.3145 0.652 0.098 0.0745
9 0.551 0.282 0.091 0.065
9 0.179 0.4165 0.0915 0.0655
9 0.3045 0.373 0.0895 0.066
9 0.38 0.7625 0.0995 0.0935
9 0.613 0.2545 0.0955 0.0735
9 0.803 0.54 0.1005 0.071