9 0.498 0.44319262233425233 0.079 0.06737895012932915
9 0.402 0.5245169361011436 0.075 0.0623091298696163
9 0.5985 0.36044685635953816 0.076 0.0643265849345446
9 0.3515 0.7446354553222684 0.077 0.0673440399994729
9 0.4405 0.46368895610087985 0.074 0.06229167480468811
9 0.5515 0.7301264683079121 0.079 0.06837895012932904
9 0.304 0.6058063397381782 0.078 0.06836149506440097
9 0.7285 0.5142160148002065 0.08 0.06839640519425734
9 0.3205 0.6500943483094938 0.073 0.062274219739759926
9 0.528 0.6837162742820989 0.081 0.07141386025918564
9 0.37 0.4389583740234405 0.075 0.0613091298696163
9 0.6125 0.7121912272685333 0.084 0.07246622545397031
9 0.633 0.4455490560995617 0.078 0.06436149506440098
9 0.4715 0.7012300631136545 0.079 0.06837895012932904
9 0.4385 0.6081540459710234 0.076 0.06532658493454437
9 0.6445 0.6467497893462362 0.085 0.07348368051889838
9 0.691 0.5755614498653984 0.084 0.07146622545397031
9 0.6175 0.4037785025931744 0.082 0.06843131532411394
9 0.4565 0.6589682371397314 0.079 0.07037895012932904
9 0.5935 0.5068595810348971 0.078 0.06436149506440098
9 0.339 0.6974172670106656 0.077 0.0693440399994729
9 0.7105 0.6269018236314986 0.083 0.06944877038904201
9 0.5395 0.3814170075287734 0.082 0.06843131532411394
9 0.588 0.665763578177792 0.08 0.06939640519425734
9 0.258 0.4790034067514802 0.073 0.06327421973975993
9 0.4835 0.4009395238927932 0.074 0.06229167480468811
9 0.3585 0.588257640776766 0.078 0.06436149506440098
9 0.378 0.6325980145428662 0.078 0.06936149506440097
9 0.33 0.4997601714263118 0.075 0.0623091298696163
9 0.556 0.424205016100089 0.077 0.06334403999947279
9 0.606 0.5535777693464998 0.083 0.07044877038904201
9 0.3925 0.6793511129843255 0.076 0.06732658493454437
9 0.489 0.7545355267498984 0.081 0.07041386025918564
9 0.652 0.48688070233319786 0.084 0.07046622545397031
9 0.4205 0.5683398548023156 0.079 0.06837895012932904
9 0.4585 0.5050031472695877 0.08 0.06739640519425734
9 0.6235 0.5968832329827437 0.081 0.06841386025918564
9 0.515 0.634489358438032 0.077 0.0673440399994729
9 0.491 0.5905704368797549 0.078 0.06736149506440096
9 0.4095 0.7231478490881051 0.079 0.07037895012932927
9 0.572 0.46348429713894046 0.082 0.06743131532411382
9 0.5685 0.6144232044116917 0.081 0.07141386025918564
9 0.6775 0.38432580648886744 0.076 0.0633265849345446
9 0.6715 0.6927210760992981 0.083 0.06944877038904201
9 0.5345 0.5258297322041323 0.08 0.06639640519425757
9 0.431 0.7690231329840617 0.077 0.0683440399994729
9 0.3455 0.5430307249326992 0.075 0.0643091298696163
9 0.672 0.5317298036317623 0.083 0.06844877038904201
9 0.274 0.5192826877903317 0.074 0.06429167480468823
9 0.519 0.481559178697745 0.075 0.0613091298696163
9 0.5535 0.5686613784377684 0.079 0.06537895012932904
9 0.4765 0.5488173384382957 0.074 0.063291674804688
9 0.6605 0.3385290703850877 0.086 0.07450113558382668
9 0.781 0.605632405708938 0.083 0.07144877038904224
9 0.694 0.42361381506018303 0.084 0.07046622545397031
9 0.7385 0.6728905654494886 0.085 0.07248368051889838
9 0.7095 0.4733843685665704 0.079 0.06537895012932927
9 0.3865 0.4812463825947561 0.079 0.06637895012932915
9 0.367 0.7904060088286559 0.078 0.07136149506440097
9 0.314 0.4609808903874604 0.08 0.06739640519425734
9 0.4245 0.41940967506202836 0.082 0.06843131532411383
9 0.7545 0.5556698464883403 0.083 0.06744877038904223
9 0.289 0.5615445137642548 0.07 0.06022185454497503
9 0.802 0.6529989620724305 0.084 0.06946622545397031