9 0.222 0.6165 0.1 0.0755
9 0.613 0.3995 0.094 0.067
9 0.5145 0.68 0.106 0.0825
9 0.4915 0.3425 0.086 0.0605
9 0.254 0.667 0.0935 0.0725
9 0.451 0.708 0.099 0.0765
9 0.2925 0.59 0.095 0.0705
9 0.588 0.4665 0.0925 0.0665
9 0.5325 0.49 0.0885 0.064
9 0.556 0.4255 0.0865 0.0625
9 0.377 0.3875 0.0875 0.062
9 0.293 0.7135 0.0955 0.0785
9 0.288 0.4785 0.096 0.0685
9 0.565 0.536 0.096 0.0695
9 0.5 0.4475 0.09 0.0665
9 0.4795 0.629 0.0935 0.0725
9 0.35 0.566 0.097 0.0715
9 0.3205 0.414 0.092 0.0665
9 0.549 0.322 0.093 0.0645
9 0.4175 0.6585 0.098 0.0755
9 0.417 0.5405 0.0905 0.0665
9 0.541 0.604 0.0975 0.073
9 0.323 0.64 0.0965 0.0735
9 0.406 0.4305 0.092 0.0655
9 0.256 0.4355 0.089 0.066
9 0.7155 0.53 0.0905 0.0665
9 0.697 0.601 0.0965 0.073
9 0.438 0.3645 0.0895 0.063
9 0.6585 0.5535 0.0955 0.0715
9 0.3205 0.519 0.094 0.068
9 0.599 0.576 0.091 0.068
9 0.3805 0.607 0.0925 0.07
9 0.096 0.4395 0.109 0.072
9 0.348 0.4515 0.09 0.0645
9 0.3215 0.7675 0.098 0.0825
9 0.464 0.4055 0.087 0.062
9 0.47 0.5185 0.096 0.067
9 0.2575 0.547 0.0965 0.0715
9 0.35 0.6845 0.0975 0.075
9 0.2245 0.5045 0.094 0.067
9 0.198 0.4575 0.0935 0.068
9 0.131 0.4805 0.0905 0.0665
9 0.1645 0.416 0.092 0.066
9 0.4395 0.47 0.09 0.0645
9 0.1575 0.5295 0.099 0.073
9 0.756 0.5755 0.108 0.0775
9 0.647 0.4425 0.0895 0.0625
9 0.574 0.6505 0.096 0.072
9 0.19 0.571 0.094 0.0705
9 0.381 0.496 0.0945 0.0685
9 0.388 0.7375 0.103 0.081
9 0.444 0.5825 0.097 0.0715
9 0.5095 0.5595 0.092 0.068
9 0.68 0.4865 0.098 0.069
9 0.521 0.3845 0.0905 0.0655
9 0.5135 0.278 0.0875 0.066
9 0.2275 0.3875 0.092 0.0725
9 0.6365 0.6265 0.105 0.0815
9 0.5765 0.3625 0.085 0.0615
9 0.625 0.5135 0.0905 0.066
9 0.4025 0.3245 0.086 0.063
9 0.2855 0.3705 0.0895 0.063
9 0.344 0.344 0.0885 0.067
9 0.457 0.301 0.0945 0.066