9 0.3370850977855308 0.7439259341035627 0.09493058344622807 0.07764782956970476
9 0.7493619654465373 0.4639774543142536 0.07798724341913339 0.059182277117888586
9 0.4524497722306145 0.37721924881446023 0.0822492823155485 0.06429866523084274
9 0.5311615294445577 0.385017914045303 0.0811444667569824 0.0622695682026042
9 0.15063750556481387 0.7374993383370795 0.1050878067840772 0.08093879985209014
9 0.44444908150270634 0.4916610547579833 0.08319687453626556 0.06332776225908128
9 0.4226113016751723 0.7459137300179558 0.09187817566694502 0.07656053848498937
9 0.17492218688515657 0.5989939878171342 0.09866854454981284 0.07276421768265891
9 0.7499795375859701 0.5190792939130884 0.07798724341913339 0.059182277117888586
9 0.7504278744476817 0.758957555280189 0.08356372899124677 0.07032776225908129
9 0.29310486947165254 0.36006372429629774 0.08830169009483166 0.06547324740027387
9 0.43352912854053377 0.6140301181309098 0.08651132121196384 0.0694150533437969
9 0.24561130167517234 0.7407635560197385 0.10003539900479416 0.07979331471089744
9 0.5275170626875754 0.44500336553118375 0.08114446675698264 0.0622695682026042
9 0.5929391956596455 0.6872729337337881 0.0865113212119636 0.0694150533437969
9 0.2789207515162537 0.47783094807038956 0.09340650565339763 0.06761873254146644
9 0.5947408857544769 0.6242292881914302 0.08440650565339775 0.06735685928731983
9 0.18522387697998818 0.5361976670148039 0.09735409787411464 0.0667351206544206
9 0.26376496354730744 0.6045836233303621 0.09672095232909589 0.07370602362618184
9 0.3447012345560606 0.6750423222165168 0.09172095232909601 0.07356053848498936
9 0.6042422672102934 0.39515654562083397 0.08009205897769948 0.061240471174365665
9 0.6761757213943274 0.5705134049081537 0.08114446675698264 0.0622695682026042
9 0.7499264390787788 0.6347538760825194 0.08030169009483165 0.06524047117436567
9 0.7496919855278216 0.4099047117436572 0.07498724341913339 0.0590949860331732
9 0.6780453926740279 0.4583970167951997 0.07909205897769925 0.06121137414612713
9 0.5915064861166063 0.7528311277902651 0.08766854454981285 0.07244415037203544
9 0.676083662416628 0.6296006959928693 0.08330169009483165 0.06532776225908128
9 0.5339129378569174 0.33251791404530295 0.08009205897769948 0.061240471174365665
9 0.20232725716965136 0.4105031858113083 0.09235409787411464 0.0665896355132279
9 0.2199851712354087 0.2933378016360513 0.08919687453626546 0.06350234442851228
9 0.5995036153788005 0.5046856426490725 0.08219687453626556 0.06329866523084274
9 0.4563846078704648 0.3212483458426988 0.08003965119841644 0.060240471174365665
9 0.3531339440990998 0.6096878073577093 0.0906161367705298 0.07153144145675105
9 0.6013074315704432 0.45115654562083396 0.08103965119841633 0.06026956820260421
9 0.1633846617835513 0.6662612115912261 0.09893058344622807 0.07776421768265891
9 0.5134916034389284 0.683959719988826 0.08856372899124676 0.07047324740027397
9 0.2854341988250285 0.4204327876692244 0.09135409787411458 0.06656053848498937
9 0.25383225400426823 0.6698944926468119 0.09782576788766198 0.0757351206544206
9 0.44783150936327354 0.4366756032721025 0.08319687453626556 0.06332776225908128
9 0.6794540244242367 0.4028533712528419 0.0789872434191334 0.05921137414612724
9 0.4281226228871361 0.6789719240744329 0.09166854454981285 0.07256053848498936
9 0.7499958017194642 0.356331969173061 0.0758824278605673 0.057124083061411736
9 0.7497819723217962 0.694841167167235 0.08140650565339774 0.0672695682026042
9 0.2109193161473508 0.35166321946662016 0.09135409787411458 0.06656053848498937
9 0.5090850977855308 0.7489306229605874 0.0907209523290959 0.07353144145675082
9 0.43867359529751626 0.554088312187387 0.08514446675698241 0.062385956315558364
9 0.6739802822269647 0.7557316326199425 0.08866854454981285 0.07247324740027397
9 0.7505447019461198 0.5751811335119232 0.07909205897769948 0.06121137414612713
9 0.35885702252500684 0.5482605499283056 0.0862492823155485 0.0644150533437969
9 0.3010659090011444 0.3037092094374903 0.08714446675698241 0.06244415037203532
9 0.6743343801010794 0.6916443415352271 0.0845113212119636 0.06935685928731983
9 0.5205425758493086 0.5589742685029453 0.08319687453626556 0.06332776225908128
9 0.6066246950708607 0.3401419971067147 0.0799872434191334 0.059240471174365664
9 0.3705673443700473 0.4299205835836175 0.0862492823155485 0.0644150533437969
9 0.6802578406158795 0.3492951771963649 0.07698724341913339 0.05915318008965028
9 0.36621112039912157 0.48437693804125975 0.08619687453626557 0.06341505334379678
9 0.5242394503855742 0.49798881701706454 0.08314446675698241 0.06232776225908128
9 0.38122525843580457 0.31255152021069077 0.08314446675698241 0.06232776225908128
9 0.3753166266855958 0.3679642291259753 0.0862492823155485 0.0644150533437969
9 0.1926827904126689 0.4703140551277579 0.09545891343268073 0.06867692659794353
9 0.27156665364213906 0.5417145599574356 0.0942492823155485 0.06464782956970498
9 0.6771891687031023 0.5129552108516767 0.08103965119841633 0.06026956820260421
9 0.5974115564011011 0.5637147396773109 0.08419687453626556 0.06335685928731982
9 0.5163981090923262 0.6189451714747067 0.0885113212119636 0.06947324740027398